Pesos de entrada da Camada Escondida
[[ 4.54619780e-01  4.87058243e-01  7.46591561e-01  3.61298028e-01
   5.63456116e-01  1.30087035e-01  2.48053570e-01  1.33755284e-02
   2.67049257e-01  2.68456407e-01  7.06135774e-01  1.24170553e+00
  -4.91031267e-01  3.70119345e-01  4.09679296e-01  8.54929520e-01
   7.72809912e-01  1.94166673e-01]
 [ 2.63958922e-01  6.21974471e-01  1.58753302e-01  4.03013012e-01
   6.70112515e-01  6.69717470e-01  1.82123529e-01  4.41920083e-02
   3.95347926e-01  2.20950434e-01  6.85804988e-01  9.07003750e-01
   7.80406273e-01  5.28667516e-03  6.37444532e-01  1.00172639e-02
   4.75252998e-01  6.14846564e-01]
 [ 8.95858903e-01  5.92738062e-01  5.48428464e-01  1.27103536e-01
   6.20504651e-01  6.00649421e-02  1.01551114e+00  9.01966074e-01
   4.55096858e-01  8.51844933e-01  6.15946704e-01 -5.94992807e-01
   1.06445483e+00  2.10490259e-01  7.43274058e-01  5.07597151e-01
   9.45629920e-01  5.04006696e-01]
 [ 3.59460275e-01  8.68555404e-01  5.31259576e-01  4.76968068e-01
   4.43286704e-01  3.67044811e-01 -1.22337809e+00  9.77838737e-01
   2.88498629e-01  9.07591510e-01  8.12693786e-01 -9.26254689e-01
   1.73274654e+00  6.01483532e-01  9.50083255e-01  4.49744271e-01
   4.30691315e-01  4.04920412e-01]
 [ 7.25342463e-01  5.75142343e-01  6.36794468e-01  4.48700414e-02
   1.28674364e-01  6.52914643e-01 -2.28375047e-01  5.23995474e-01
   3.54632598e-01  1.77043028e-01  2.35011015e-01 -1.31410755e-01
   8.22821301e-01  2.73603278e-01  3.77526494e-01  2.29177712e-01
   6.26063792e-01  9.07432467e-01]
 [ 4.32952167e-01  4.45507166e-01  6.60470942e-01  6.80511729e-01
   9.38914359e-01  5.27899060e-01  1.64275965e-01  8.66042973e-01
   7.85003167e-01  5.66147951e-01  3.74373343e-01 -2.43839144e-01
  -2.00225981e+00  6.20615933e-01  6.03501859e-01  2.12380859e-01
   3.43824437e-01  3.92406000e-01]
 [ 1.59176729e-01  3.64430157e-01  9.55384192e-01  6.35583286e-01
   3.72993771e-02  9.72340497e-01 -4.59351206e-01  9.64684330e-01
   2.50156683e-01  5.07643769e-01  6.93159692e-01  1.06207958e+00
  -2.12535999e-01  4.91001301e-01  1.57738554e-02  6.23861746e-01
   9.92258032e-01  2.23730739e-01]
 [ 6.80785282e-01  1.32408224e-01  4.62314496e-01  5.02225516e-01
   1.69804590e-01  1.09312180e-01 -1.88979531e-01  5.31086307e-01
   8.96152167e-01  4.26158682e-01  2.35509567e-02  5.65593487e-01
  -1.82597348e-01  1.82905772e-01  5.41914609e-01  3.62590450e-01
   4.59786763e-01  1.02812751e-01]
 [ 6.02802360e-01  3.92549910e-02  6.98977967e-01  4.84144574e-01
   2.22411381e-01  6.63596035e-01  1.84601512e+00  9.78244139e-02
   7.97550929e-01  2.01009290e-01  6.64816697e-01 -7.53535000e-01
   9.93834803e-01  5.95116006e-02  2.45968779e-01  8.56060916e-01
   6.35730740e-01  6.60602296e-01]
 [ 5.93378634e-01  6.66808960e-01  9.70371733e-02  8.40062893e-01
   3.28214949e-01  6.78652010e-01  3.01313545e-01  3.15648743e-01
   7.27526437e-02  7.54545390e-01  6.15882628e-01  9.53656434e-02
   6.20732145e-01  1.41437117e-01  6.14601762e-01  6.18373485e-01
   1.33009519e-01  1.12147609e-01]
 [ 2.52004521e-01  7.12880061e-01  4.57775725e-01  1.97777068e-01
   4.28466030e-01  4.50004877e-01 -1.44079193e-01  6.88209342e-01
   8.25304883e-01  9.50954953e-01  2.59870196e-01  7.35633958e-01
   3.31255608e-01  8.43691688e-02  3.15092346e-01  4.79644456e-01
   3.81384739e-01  4.83285006e-01]
 [ 8.81013508e-01  7.00411085e-01  4.22479405e-01  7.16177237e-01
   4.50664957e-02  2.41779755e-01  1.04859391e+00  4.01255841e-01
   6.56718432e-01  6.17731722e-01  8.60259516e-01  7.15424141e-01
  -1.63086121e+00  6.01693473e-01  3.17556325e-01  9.31843521e-01
   6.08710521e-01  6.29747059e-01]
 [ 6.66509767e-01  5.16883479e-01  3.05946976e-01  1.23201573e-01
   7.72815895e-01  9.99602176e-01 -9.15846650e-01  6.61640527e-02
   6.76918516e-01  3.69934215e-01  5.55160398e-01  4.90785502e-02
  -4.59852419e-02  5.22413271e-01  9.44661086e-01  6.42488527e-01
   1.00067807e+00  2.33766310e-01]
 [ 7.00908706e-01  4.13237425e-01  1.52170918e-01  6.70569541e-01
   1.00210719e-01  4.46865879e-01  6.39758904e-01  6.82224093e-01
   7.14944165e-02  8.52386360e-01  1.61858619e-01 -9.42550880e-01
   1.15538286e+00  8.13468024e-01  1.88632439e-01  1.95645190e-01
   8.08981310e-02  7.05041683e-01]
 [ 9.78795774e-01  2.95600079e-01  6.16607869e-01  8.35739159e-01
   2.01635896e-01  7.51724819e-01  2.24336982e-01  3.90577742e-01
   4.11562974e-01  7.36510750e-01  2.21293808e-01 -3.21704325e-01
   6.78106394e-01  8.28931676e-01  8.27725795e-01  7.45735682e-01
   8.74400479e-01  4.85788537e-01]
 [ 1.21580322e-01  3.13018469e-01  6.24973126e-01  5.84756754e-01
   1.97567289e-02  9.59164398e-01  2.11262717e-01  9.05873904e-01
   9.46822607e-01  2.74849880e-01  5.04117578e-02  3.89163287e-01
   6.79018845e-02  9.70293825e-01  7.96235731e-01  5.67278626e-02
   7.43104776e-02  6.48466742e-01]
 [ 9.29615245e-01  7.73347502e-01  5.26953705e-01  7.64320846e-01
   1.82140251e-03  9.24680050e-01  2.88752411e-01  7.94446639e-01
   2.30873177e-01  9.93706218e-01  2.60065994e-01  6.74775691e-01
   9.28306242e-01  3.69214487e-01  8.95246721e-01  1.39127690e-01
   6.02327288e-02  2.70394620e-01]
 [ 5.10879398e-01  2.22295356e-01  8.49088140e-01  1.99462664e-01
   9.90030621e-01  7.36830566e-01  1.56498654e-01  5.78943639e-01
   9.36583547e-02  3.35463852e-01  6.18666073e-01  4.33380544e-01
  -1.48501821e+00  1.19168591e-01  7.86290746e-01  9.28969348e-01
   8.61927051e-01  7.08789710e-01]
 [ 1.71997094e-01  2.37227119e-01  2.70050197e-01  2.94942885e-01
   2.95179027e-01  8.35909763e-01  7.11815369e-01  1.42838701e-01
   6.29548351e-01  6.12788983e-01  3.42943838e-02  3.36275494e-01
   2.14714325e-01  9.93887317e-01  5.23707213e-01  9.10126918e-02
   7.79920348e-01  1.19329372e-02]
 [ 1.77410485e-01  8.44526822e-01  2.97652272e-01  3.68783978e-01
   9.82968337e-01  9.57458209e-01 -3.50453824e-01  9.35018166e-01
   4.60968758e-01  4.39552460e-01  8.83486037e-01  1.94919579e-01
  -1.34099500e+00  5.13607218e-01  1.67816908e-01  7.02399765e-01
   9.72826690e-01  7.69460569e-01]
 [ 4.26424680e-01  1.82163651e-01  1.76180689e-01  8.05937849e-01
   5.09317093e-01  5.85843908e-01  1.18927283e+00  2.35302694e-01
   2.65012841e-01  1.31310761e-01  7.77803812e-01 -1.08746966e+00
   1.40877960e+00  5.71973111e-01  4.02818254e-01  1.54006692e-01
   3.71002100e-01  3.84568060e-01]
 [ 5.36212262e-02  3.92404550e-01  8.49698492e-01  9.83894702e-02
   3.87189107e-01  5.91389931e-01  5.00219204e-02  2.53052136e-01
   5.71068098e-01  5.50701130e-01  8.34309997e-01 -3.85087888e-01
   3.00946237e-01  8.74466132e-01  2.20214224e-01  9.56490165e-01
   1.33769305e-01  4.56726575e-01]
 [ 3.07946096e-01  5.32467341e-02  6.36781240e-01  9.24411861e-01
   9.99333403e-01  3.84694604e-01  8.86130877e-01  6.16732769e-01
   6.36837149e-01  9.08097491e-01  6.94336227e-01  3.32885199e-01
   3.70460025e-01  6.76507613e-01  7.94690870e-01  5.03214878e-01
   9.84703133e-01  6.67397902e-02]
 [ 4.21144147e-01  3.23391720e-01  2.35368474e-01  9.89896147e-01
   3.69086887e-01  9.50005523e-01 -3.05187411e-01  3.34057675e-01
   6.58197027e-01  2.02281231e-01  4.21615722e-01 -9.41261765e-03
  -1.18191459e+00  4.24614357e-01  2.65617632e-01  4.42714696e-01
   4.10024129e-01  2.96268185e-01]
 [ 5.18044978e-01  4.76335966e-01  5.05182535e-01  9.94832470e-01
   2.05516763e-01  1.72198716e-01  5.29626621e-02  5.18489996e-01
   5.07226893e-01  4.89887233e-01  6.46455506e-01  1.36925992e+00
   1.00410641e+00  6.65904259e-01  8.17675781e-01  7.11369597e-01
   6.98983666e-01  1.22406489e-01]
 [ 3.62491402e-01  2.78276200e-01  5.16031593e-01  1.61271341e-01
   9.41722505e-01  1.69194860e-01 -2.23192305e-01  3.23624360e-01
   6.60913456e-01  6.60899533e-01  9.49141257e-01  4.37469893e-01
   1.21558047e+00  7.76067580e-01  7.56571870e-01  6.85272081e-01
   7.74640420e-01  6.50223183e-01]
 [ 4.49843555e-01  7.47564468e-01  8.13865380e-01  2.11507620e-01
   6.84076180e-01  7.58992872e-01 -2.55324433e-01  3.20670808e-01
   7.30099676e-01  1.31650755e-01  6.10404874e-01  4.58609678e-01
  -4.88996931e-01  7.69892234e-01  6.81124703e-01  9.94792074e-01
   8.28166564e-01  6.10670554e-01]
 [ 6.28508428e-01  9.10185175e-01  8.19834250e-01  9.22124312e-01
   7.74180314e-01  8.71708547e-01  8.23126017e-01  8.00573616e-01
   6.25393949e-01  4.76247749e-02  4.90301487e-01 -2.30905530e-01
   8.50061684e-01  2.48864795e-01  3.52152368e-01  6.88759975e-01
   2.04369754e-01  6.09718257e-01]
 [ 8.79922933e-01  5.15775856e-01  4.14064264e-01  3.30829639e-02
   2.84446150e-01  7.35521117e-01  2.62880641e-01  7.95535022e-01
   7.85068525e-01  6.86481575e-01  9.20039050e-02  2.40490808e-01
   6.15822123e-01  9.12993113e-01  7.78393253e-01  4.82699826e-01
   8.05075500e-01  5.74607434e-01]
 [ 7.42728094e-01  4.43820226e-01  9.24439140e-01  5.93544106e-01
   4.29028103e-01  5.81229787e-01  9.10483363e-01  6.92439734e-01
   2.15350362e-01  6.27118019e-01  8.48673782e-01  3.47466326e-03
  -1.77108756e-01  9.41825882e-02  7.21127156e-01  7.45349919e-01
   7.46556990e-01  4.35884451e-01]
 [ 3.42776063e-01  7.47542637e-01  6.08519312e-01  2.64922442e-01
   3.83771569e-02  3.88079096e-01  1.08235231e+00  9.95380453e-01
   2.90880733e-01  2.96129275e-01  5.13782722e-01  5.82683319e-01
   2.15303430e-01  5.52924869e-01  5.49872737e-01  9.46248910e-01
   5.35928576e-01  6.79418553e-01]
 [ 5.60364459e-01  5.89401699e-01  1.58704259e-01  5.08661770e-01
   2.21387405e-01  3.26575857e-01  1.40958203e+00  5.36870085e-01
   1.73583541e-01  5.92538006e-01  5.64407109e-01  1.25253085e+00
   1.19829582e+00  6.27711023e-01  6.97840004e-01  3.35206523e-01
   6.72009044e-02  9.77984264e-01]
 [ 1.19141549e-01  2.38387449e-01  6.72092408e-01  8.62089417e-01
   5.99009603e-01  6.47531778e-01  7.24689287e-01  6.42822277e-01
   3.84546456e-02  5.07795001e-01  5.52990144e-01  1.04024569e+00
   1.14899193e+00  9.12303338e-01  8.14853639e-01  1.24064316e-01
   2.99177549e-01  2.98128911e-01]
 [ 1.72027070e-01  8.01343355e-01  7.12826840e-01  9.15200924e-01
   1.01132375e+00  5.58259268e-01  1.13043424e+00  7.67721063e-01
   7.69251998e-01  6.02654717e-02  4.61135814e-01 -7.16053850e-01
  -4.93395357e-01  5.62876534e-01  4.78965825e-01  5.12109919e-01
   5.24824373e-01  8.59944515e-01]
 [ 3.92324249e-01  5.64715547e-02  1.97603164e-01  4.56679147e-01
   8.17837889e-02  2.97066861e-01 -1.14062212e+00  3.80515388e-01
   8.66714343e-02  4.55098041e-01  6.75249818e-02  9.75964390e-01
   7.66323021e-01  9.48914874e-02  3.74460656e-01  6.27789781e-02
   5.08700729e-01  6.13395572e-01]
 [ 3.41511186e-01  9.75505909e-01  5.05850709e-01  2.81457009e-01
   7.69456596e-01  7.87103881e-01  9.33106633e-01  9.40155016e-01
   9.21502535e-01  5.31200943e-01  5.31395363e-01 -7.12236997e-01
   4.44089200e-01  5.03764170e-01  4.19003668e-01  2.60332467e-01
   9.20781443e-01  6.73791386e-01]
 [ 2.10053002e-01  9.66251505e-01  7.02849028e-01  7.93596077e-01
   4.46147528e-01  3.85396620e-01 -5.78364039e-01  7.97179068e-01
   2.23601984e-01  5.00626423e-01  6.53258481e-01  5.24343740e-01
   4.68899521e-01  8.31699275e-01  5.75696337e-01  1.06860834e-01
   5.42661859e-01  4.63122315e-01]
 [ 8.58477831e-01  5.11375889e-01  5.18019473e-01  5.27653603e-01
   8.05349207e-01  7.26093971e-01  1.46980354e-01  8.76036716e-01
   7.63102499e-01  8.77848486e-01  7.45636972e-02  7.75862148e-01
  -4.55825014e-01  7.31050152e-01  4.27536306e-01  5.47782848e-01
   8.88927701e-01  6.90810266e-01]
 [ 7.81612411e-01  7.94969216e-01  8.76345973e-01  3.90040149e-01
   4.99581273e-01  9.19870434e-01  2.69940536e-01  5.44814780e-01
   2.25677701e-01  8.61345190e-01  6.66153484e-01  1.06212753e+00
   5.71461040e-02  5.15628526e-01  1.46105458e-01  1.61134506e-01
   3.79235391e-01  8.64710310e-01]
 [ 6.39454322e-01  5.92963007e-01  4.52075521e-01  2.31174926e-02
   9.23580711e-01  6.43333811e-01 -8.34910155e-02  7.43105499e-01
   7.22536244e-03  3.48183863e-01  7.79364017e-01  6.83219689e-01
   6.06161540e-01  5.78765294e-01  3.96013852e-01  2.38372854e-02
   1.10087768e-01  9.99284899e-01]
 [ 5.65833823e-01  7.67287999e-01  3.73348216e-01  8.78862034e-01
   5.08065307e-01  2.82779809e-01 -1.46993860e+00  8.20475697e-01
   5.80000248e-01  2.57994273e-01  5.98099057e-01  3.17372876e-01
  -7.20403034e-01  8.78925095e-01  6.26035322e-01  1.02834018e+00
   9.04025187e-01  9.44546062e-01]
 [ 3.25602277e-01  5.30121644e-01  5.89207889e-01  2.00112145e-01
   8.13216194e-01  9.54116148e-01  7.22926912e-01  1.29545807e-01
   5.08815257e-01  2.72115574e-01  9.80262247e-01  1.34151398e-01
   1.25652716e+00  6.97289885e-01  8.75241128e-01  3.78067133e-01
   7.94889171e-01  7.27730586e-01]
 [ 1.00414779e+00  6.08913582e-01  3.92802680e-01  8.35879689e-01
   9.52378338e-01  6.77638933e-01  6.60448262e-01  5.25184179e-01
   4.66123653e-01  9.17905659e-01  3.85612526e-03  4.39720696e-03
   3.16179661e-01  7.85492991e-01  7.66007744e-01  5.04777389e-01
   7.86161379e-01  8.51172559e-01]
 [ 3.80986482e-01  2.52648702e-02  3.05517431e-01  2.15471584e-01
   9.46132568e-01  1.65160948e-01 -1.41765221e+00  6.22312596e-01
   6.53237395e-01  7.69735513e-02 -2.09088588e-03  7.05296277e-01
  -5.50925840e-01  9.63549122e-01  3.64657335e-01  1.89582380e-01
   5.57652436e-01  9.82319369e-01]
 [ 7.77908739e-01  4.35958962e-01  7.65016190e-01  5.62370351e-01
   4.08665774e-01  6.96833552e-01 -1.37900298e-01  5.93465075e-01
   9.17261866e-01  4.53720672e-01  6.04832462e-01  6.75249304e-01
   5.55374493e-01  3.09095478e-01  7.87505741e-02  3.88274709e-01
   7.36168803e-01  5.81971972e-01]
 [ 1.49966352e-01  1.99119900e-01  1.82943037e-01  9.38096806e-01
   1.23123492e-01  7.34257019e-01 -5.07947941e-01  8.69448526e-01
   1.65153055e-01  4.00666050e-02  1.27513504e-01  9.67394407e-01
   3.60206273e-01  5.80978614e-01  1.47883749e-01  5.01153140e-01
   7.10409803e-01  5.88290039e-02]
 [ 4.94981618e-01  3.27916153e-01  7.80106477e-01  6.89413780e-01
   9.44141918e-01  5.21180777e-01  2.56416279e-01  9.70426093e-01
   7.74237403e-01  8.14762106e-01  5.92268784e-01  1.33833844e-01
   2.54523535e-01  9.44040132e-02  6.97143547e-01  8.90698222e-01
   9.56116653e-01  4.85769082e-01]
 [ 1.57549346e-01  9.01984517e-01  3.97163366e-01  2.36216359e-01
   1.80559351e-01  6.39965451e-02 -1.29318577e+00  6.31021469e-01
   2.40184383e-01  9.76824161e-01  2.37088134e-01  7.07690708e-01
  -1.07113581e+00  8.49216491e-01  8.94974203e-01  5.14161360e-01
   6.41806345e-01  6.27301297e-01]
 [ 9.93332184e-01  7.93862364e-01  5.18235895e-01  1.11194602e-01
   5.08730363e-01  5.88778610e-01  1.84770027e+00  1.71307717e-01
   4.01565211e-01  2.89056118e-01  8.10452097e-01 -8.98735046e-01
   7.87815198e-01  2.30834509e-01  3.18268805e-01  2.70867267e-02
   3.02407823e-01  3.02784005e-01]
 [ 7.77349560e-01  7.85788673e-01  4.88138858e-02  2.72429193e-01
   6.96610485e-01  4.09471650e-01 -1.35111651e-01  6.34492951e-01
   5.24623797e-01  1.67273664e-01  3.10620451e-01  4.98998994e-01
   2.32134150e-01  7.78231881e-01  7.05624497e-01  7.01996309e-01
   5.69423322e-01  8.33124540e-01]
 [ 1.74997299e-01  1.92866747e-01  9.44421252e-01  1.35735750e-01
   3.09111679e-01  2.15176962e-01 -4.89455052e-02  2.83263280e-01
   3.73921746e-01  8.46836881e-01  3.59844744e-01 -1.30840843e+00
  -8.10466435e-01  7.64582674e-01  9.95161070e-01  7.30236168e-01
   5.94153821e-02  4.22836301e-01]
 [ 3.68603529e-01  7.80626109e-01  2.31099931e-02  5.22883228e-01
   5.17525365e-01  1.82867790e-03  7.35845885e-01  6.46617672e-01
   9.77932712e-01  6.69442086e-01  5.31194277e-01  4.81720043e-01
   6.75397972e-01  4.75798953e-01  7.50524349e-01  1.99031704e-01
   8.45490419e-02  4.87426212e-01]
 [ 7.40690612e-01  5.97163740e-01  3.83639605e-01  5.08010361e-01
   3.20653190e-01  1.70487925e-01  1.57691597e-01  6.58794501e-01
   1.07832630e-01  3.72946692e-02  8.64807775e-01  9.22396773e-01
   2.06498884e-01  1.22081410e-01  3.33602371e-01  6.53770703e-01
   1.97310514e-01  1.04693927e-01]
 [ 2.29222382e-01  9.57559837e-01  9.55648675e-01  3.19183828e-01
   2.15908220e-01  5.15025091e-01 -2.37710834e-01  2.23517650e-01
   2.23927582e-01  6.85460380e-01  4.13631032e-01  6.83155264e-01
  -1.29605243e-01  4.42663952e-01  9.74212466e-01  6.90617530e-01
   2.78949594e-01  4.90193999e-01]
 [-4.45802299e-02  4.95670356e-01  9.07476574e-01  6.80779375e-01
   6.46709907e-01  6.77562330e-01 -1.30667044e+00  2.29044156e-01
   9.81567782e-01  9.36667728e-01  5.65811018e-01  2.91845276e-01
  -6.62000454e-01  3.72248032e-01  8.88682002e-01  4.84058230e-01
   8.74884106e-01  4.07866326e-01]
 [ 7.44490366e-01  1.79119845e-02  9.06615445e-01  7.22768122e-01
   9.38408956e-01  9.46694235e-01  6.69993751e-01  9.63696392e-01
   4.78185776e-01  1.02670252e-01 -2.32232212e-02 -1.81533851e-01
   1.20413468e+00  4.61404129e-02  7.80928487e-02  2.63383135e-02
   1.80752903e-01  1.79396328e-01]
 [ 9.96578767e-01  8.20092381e-01  7.71604753e-01  6.20533973e-01
   7.55591631e-01  8.51144971e-01 -5.56661220e-01  3.20951378e-01
   8.33300688e-01  1.29314170e-01  3.95441032e-01  1.29117512e+00
  -2.59449977e-01  9.11040217e-01  6.51998801e-01  8.67828800e-01
   9.08352210e-01  9.34335915e-01]
 [ 4.13594652e-01  4.08455666e-01  9.50421875e-01  8.95693958e-01
   4.11458321e-01  9.89876082e-01 -5.87205816e-01  6.98421422e-01
   8.52256084e-01  9.48403204e-01  5.76969959e-01  1.22926354e+00
   7.66282666e-01  9.18424356e-01  1.76587191e-02  4.72130965e-01
   2.00942824e-01  5.75274696e-01]
 [ 7.99050825e-01  6.09470227e-02  5.40960084e-01  6.77298566e-01
   8.44124444e-01  4.80737654e-01 -4.09425278e-01  2.67801401e-01
   9.81031240e-01  5.01387285e-01  2.66446277e-01 -3.82650407e-01
  -7.09986379e-01  7.96297927e-01  8.90825450e-01  6.44493203e-01
   5.24537307e-01  5.21996667e-01]
 [-3.77819730e-02  9.03215254e-01  8.02366480e-01  1.06822779e+00
   5.62374150e-01  1.41326829e-01 -8.14196128e-01  9.89032998e-01
   6.79150022e-01  7.30601486e-01  2.27861616e-01 -6.80490203e-01
   2.88635087e-01  3.32345579e-01  8.02914485e-01  1.15074523e-01
   5.58989568e-01  9.96753538e-02]
 [ 8.38055147e-01  9.51014097e-01  8.74983097e-01  6.75408459e-01
   5.81119407e-01  9.02972498e-01 -1.17125429e+00  4.43541930e-01
   9.42464767e-01  2.41416511e-01  8.93156236e-01 -5.01646476e-01
   7.85931449e-01  3.06315464e-02  3.00529382e-01  1.14137150e-01
   7.32333185e-01  3.74144799e-01]
 [ 9.27265142e-01  9.19831319e-01  9.00132913e-01  3.05753868e-01
   4.28140212e-01  6.70269940e-01 -2.02548514e-01  1.74574587e-01
   1.30021942e-01  2.40416516e-01  2.15221805e-01  5.16266731e-01
   1.33520597e-01  7.46296572e-01  8.06430800e-01  5.29363513e-01
   6.48597333e-01  5.67571142e-01]
 [ 6.28381845e-01  5.55656483e-01  1.39196952e-01  8.49599350e-01
   1.73689204e-01  4.00730304e-01  2.62608314e-01  2.03754006e-01
   3.32791912e-01  5.06245316e-01  5.34465572e-01  2.23581251e+00
   7.75362891e-02  3.29652306e-01  2.03680519e-01  7.82421043e-01
   5.27783663e-01  9.83791812e-01]]

Biases da Camada Escondida
[ 0.26519573  0.5209002   0.60837368  0.26239291  0.50550686  0.85474141
 -1.4021127   0.67655972  0.10268662  0.88467804  0.80491941 -0.81106614
 -1.29221104  0.67166965  0.27392375  0.49276609  0.87346027  0.8464914 ]


Pesos de entrada da Camada de Saída
[[-1.32896634e-02 -1.50408143e+00  4.66163834e-01 -3.54834840e-01
  -1.47795435e+00  5.22571356e-03 -2.26586118e-01]
 [-2.46373067e-01 -1.54835926e+00 -4.60703484e-01 -1.02835847e+00
  -1.15748935e+00  3.02826529e-01 -1.17098145e-01]
 [-9.07006920e-01 -1.66050039e+00  4.44436968e-02 -5.90752711e-01
  -1.87088786e+00 -8.04085136e-02  1.94489618e-01]
 [-4.15632892e-01 -1.41646597e+00 -4.46412756e-01 -8.37058452e-01
  -1.43279025e+00  2.64371933e-01 -6.45522260e-01]
 [-5.67063603e-01 -1.52297136e+00 -2.67465966e-01 -1.13502255e+00
  -1.40188206e+00  7.20411310e-01 -3.39926426e-01]
 [-2.77555706e-02 -1.75000207e+00 -1.14369945e-01 -1.17985222e+00
  -1.87173762e+00  4.21540368e-01 -6.54875160e-01]
 [-2.04762450e+01  2.29051135e+01  4.69549412e-01 -1.52055348e+01
   2.72616779e+00 -2.01634074e+01  8.00892448e+00]
 [ 7.70046981e-02 -1.13435919e+00 -2.27095857e-01 -9.67282027e-01
  -1.83231756e+00 -9.89369974e-02 -6.11248480e-01]
 [-3.84705815e-01 -1.16980662e+00 -4.92492972e-01 -2.81718687e-01
  -1.03292760e+00  2.19748164e-01 -5.59866034e-01]
 [-3.00197448e-01 -9.18073316e-01 -1.73768366e-01 -3.86495116e-01
  -9.81994165e-01  4.60191108e-01 -3.10241177e-01]
 [ 3.98247225e-02 -1.60902021e+00 -5.45777042e-01 -5.14563312e-01
  -1.12746494e+00 -1.76033523e-01 -6.09409119e-01]
 [ 9.74878651e+00 -1.39523878e+00 -1.70153803e+01  3.89990431e-01
   1.46248126e+01 -4.71078304e+00  3.16145213e+00]
 [ 4.61339862e-01  2.85701173e+00  5.58115493e+00  1.67739588e+01
   9.04845954e+00 -1.19174557e+01 -9.05575944e+00]
 [-7.00237415e-01 -1.33521072e+00  1.31991450e-01 -4.36946427e-01
  -1.60307174e+00  4.22811466e-01  1.21135262e-01]
 [-1.15362264e-01 -1.61183526e+00  8.57030926e-02 -4.39381798e-01
  -1.48624698e+00  6.89438000e-01  1.21089039e-01]
 [-6.31546698e-01 -1.12548809e+00 -2.69232165e-01 -6.56449374e-01
  -1.08684105e+00  3.08384357e-01 -6.25793484e-01]
 [-4.23953374e-01 -1.01875988e+00 -1.80997624e-01 -1.02602551e+00
  -1.24287688e+00  1.48645045e-01 -2.88124039e-01]
 [-8.97494126e-01 -1.16114684e+00  1.54068164e-01 -7.38067703e-01
  -1.26211422e+00  4.02034559e-01 -4.28951412e-01]]

Biases da Camada de Saída
[-0.54781012 -0.83751468 -0.04188709 -0.66577583 -1.09076027  0.7651646
 -0.13580177]


