Pesos de entrada da Camada Escondida
[[ 5.54560266e-02  7.15432278e-01  7.05537136e-01  5.16086484e-02
   2.82361571e-01  3.65307302e-02  3.75171853e-01  2.12049629e-01
   5.02387623e-01 -2.27832595e+00  2.28936833e-01  1.70167692e-01
   9.00586604e-02  1.50652125e-01  9.55009239e-01]
 [ 1.96199456e-01 -7.19074012e-02  2.76070046e-01  3.80046945e-02
   4.38101054e-01  1.43217723e-01  7.43958935e-01  3.20754468e-01
   5.69625297e-01 -1.08472637e+00  1.16305376e+00  9.27975607e-02
   1.88748079e-01  6.96155872e-02  2.71143787e-02]
 [ 1.30603934e-01  8.10108952e-01  3.90234974e-01  8.71289978e-01
   4.16739573e-01  9.22803491e-01  4.04028329e-01  1.40831050e-01
   1.92106680e-01  8.48934739e-01  9.43498016e-02  3.02548340e-02
   8.82192325e-01  7.99653089e-01  8.15610137e-01]
 [ 5.04662156e-01 -1.24696519e+00  8.67518816e-01  9.13866376e-01
   2.39939599e-01  4.84974601e-01  7.07099826e-01  6.28222026e-01
   6.42446892e-02  1.02306454e+00 -2.72973591e-01  8.22299856e-02
   1.97446923e-01  6.16560539e-01  2.47699416e-01]
 [ 4.31395480e-01 -3.40031291e-01  1.99275955e-01  8.82667063e-01
   4.25956409e-01  5.11369177e-01  9.56359024e-01  7.21999187e-01
   4.37063966e-01  4.46977058e-01  2.99346900e-01  3.19912560e-01
   9.34854068e-01  1.60777736e-01  1.21063875e-01]
 [ 2.71420265e-01  6.62596761e-01  8.28211527e-01  5.50486776e-01
   5.62126687e-01  2.19732447e-01  6.27173608e-01  8.87915023e-02
   6.71334739e-01 -1.28705335e+00 -4.88258997e-01  9.67324248e-01
   8.96945927e-01  2.98708759e-01  6.24811295e-01]
 [ 2.98476696e-01 -7.47095506e-01  2.91981452e-01  1.50076668e-01
   6.91055159e-01  2.72089197e-01  7.92913269e-01  4.86312046e-01
   8.49716262e-01 -1.55721556e+00  4.44888889e-02  6.61703594e-01
   5.08587945e-01  2.35481931e-01  2.68770881e-01]
 [ 5.78339393e-01 -1.60155566e-01  2.86196781e-01  2.47691862e-01
   7.06465338e-01  2.63024837e-01  2.40366958e-01  9.33337083e-01
   4.19663453e-02 -1.15862655e+00  4.25156658e-01  1.23318182e-01
   7.57558452e-01  8.34078540e-01  6.58927501e-01]
 [ 2.42974480e-01  1.31801181e+00  7.86618311e-01  5.76801070e-01
   2.82621953e-01  1.96042245e-01  9.03873501e-01  7.73819458e-01
   3.12957765e-01  1.88884204e+00 -3.69450034e-01  5.84282495e-01
   4.83172627e-01  9.75993874e-01  9.92163426e-01]
 [ 3.44984987e-01  1.68680851e-01  4.86193279e-01  6.54232213e-01
   3.76431074e-01  2.69294784e-01  8.75764589e-02  4.73813375e-01
   1.15894793e-01  3.41005508e-02  5.02961882e-01  4.38003933e-01
   7.99205625e-01  5.13625363e-02  9.28815907e-01]
 [ 8.29944087e-01 -7.49823094e-01  1.50821592e-02  4.00570797e-01
   6.14811233e-01  4.71988343e-01  2.73081311e-01  9.05265590e-01
   7.90487684e-01  8.42955320e-01 -7.13795506e-02  5.90306257e-02
   6.34582863e-01  8.52679112e-01  2.89139780e-01]
 [ 5.49642112e-01  1.85920494e+00  7.67859953e-01  2.01227484e-01
   3.18866820e-02  4.62330476e-01  3.09339398e-01  1.49145915e-01
   1.24191463e-01 -9.68926712e-02 -9.40508650e-01  4.10866922e-02
   6.62838208e-01  6.19267947e-01  1.25295499e-01]
 [ 7.51302427e-02 -8.43892338e-01  4.84253258e-01  1.72104089e-01
   9.09145342e-01  5.37129142e-01  2.85661288e-02  9.65239150e-01
   7.97051908e-01 -4.68277024e-01 -3.52235038e-02  1.34625118e-01
   1.71353020e-01  5.05871807e-01  7.30105046e-01]
 [ 3.82278367e-01  1.43431143e-01  4.48108816e-01  5.60029104e-01
   6.92966594e-01  1.57611246e-01  3.84381813e-01  3.31947129e-01
   9.72607522e-01  1.25538858e+00  5.43901022e-01  5.66263038e-01
   5.10140404e-01  9.90508771e-01  3.05644827e-01]
 [ 6.00664995e-01  1.55897464e-01  3.92645038e-01  1.66991107e-01
   7.91938186e-02  9.15110216e-01  8.23578472e-01  4.41648410e-01
   1.02039067e+00  7.52247382e-01 -2.20236378e-01  6.42016992e-01
   2.25840331e-02  3.39991590e-01  1.83806630e-01]
 [ 1.24037714e-01  1.45153713e+00  5.93679326e-01  4.37605982e-01
   6.32363122e-01  9.52395221e-01  2.79659828e-01  8.98574797e-01
   6.37305007e-01 -6.39571268e-01  3.69158095e-01  7.23512486e-01
   4.65065843e-01  7.57694304e-01  2.07131240e-01]
 [ 4.50698437e-01  7.21342448e-02  7.38606161e-01  4.65702040e-01
   8.09122934e-02  9.33066909e-01  3.95123210e-01  3.68407967e-01
   5.21485465e-01  6.99058746e-01  3.29285850e-01  1.46625597e-01
   7.75050134e-01  4.46862801e-01  4.39905104e-01]
 [ 6.62361075e-01  6.82406400e-01  7.98131976e-01  5.77090144e-01
   7.47625262e-02  1.62566245e-01  9.82149696e-02  3.94737183e-01
   6.39113867e-01  3.42948430e-01 -1.38466218e+00  5.82919437e-01
   5.97052936e-02  9.66707106e-01  2.33635755e-01]
 [ 3.63308802e-01  7.46009289e-01  6.05436129e-01  2.83935224e-01
   5.75288378e-01  8.12280865e-01  5.86314858e-01  4.27925111e-01
   7.22237986e-01  5.01342798e-01  2.75629618e-01  9.41585118e-01
   5.29419510e-01  4.37087984e-01  1.83101733e-01]
 [ 8.09750027e-01 -1.41237188e-01  1.81920891e-01  8.12896703e-01
   7.89555169e-01  7.41406423e-01  8.50682222e-01  8.97987705e-01
   4.16309642e-01 -9.03788550e-01  7.52105800e-01  8.80870271e-01
   9.94183539e-01  6.32102479e-01  2.61229655e-01]
 [ 8.05660775e-01  1.55728609e+00  8.30326608e-01  9.74803701e-01
   7.61479596e-01  2.49502990e-01  3.10743350e-01  6.99979724e-02
   6.64362983e-02  1.61309032e+00  5.57792769e-01  6.90531055e-02
   2.48392450e-01  8.72767336e-01  8.33167818e-01]
 [ 6.84959388e-01  5.02648543e-01  1.67214194e-01  3.61771939e-01
   3.95595445e-01  8.58593654e-01  8.62363987e-01  6.32119954e-01
   3.98838510e-01  1.16022537e+00  1.96449056e-01  7.49232404e-01
   8.94086634e-01  9.24027115e-01  5.86568007e-01]
 [ 8.87953436e-01  8.30818565e-01  8.39995022e-01  2.61643210e-01
   4.16094984e-01  1.21044895e-01  9.79974444e-01  2.77202623e-01
   9.23800083e-01 -3.82791268e-01  5.14578925e-01  2.30955746e-01
   7.22881492e-01  3.33452385e-01  8.89406622e-01]
 [ 2.29088837e-01  5.59952403e-01  6.26185137e-01  9.34429658e-01
   4.45154475e-01  7.71843056e-03  6.23575611e-01  8.38490599e-01
   8.42482332e-01 -3.93293769e-01 -1.70301330e+00  8.31881263e-01
   7.25439165e-01  7.66487064e-01  5.36614847e-01]
 [ 9.59535735e-01  3.99016587e-01  3.89580569e-01  9.89697293e-01
   1.06661839e-01  9.57145574e-01  1.90523982e-01  7.38944713e-01
   5.57744846e-01 -7.55805476e-01  8.58520578e-01  4.72434568e-01
   8.81042083e-01  8.88977874e-03  7.11131673e-01]
 [ 2.92261775e-01 -4.10500076e-01  2.83632788e-01  1.87603181e-01
   5.58642451e-01 -1.32485225e-02  3.70224990e-01  1.95302991e-01
   2.66549826e-02  1.21168807e+00  1.40240276e-01  6.27976295e-01
   6.53743823e-01  6.49580851e-01  1.67512587e-01]
 [ 9.43811972e-01 -7.84422046e-01  9.46585072e-01  2.44279490e-01
   7.45875426e-01  8.72919373e-01  9.62700672e-01  9.09158602e-01
   1.04147011e-01 -4.67859179e-01  5.81291485e-01  7.87904279e-02
   1.04980553e+00  3.30549200e-01  3.68286537e-01]
 [ 7.59257786e-01  4.46675162e-01  9.80425549e-01  6.69089753e-02
   7.31168852e-01  6.60771270e-02  6.22824541e-01  8.96825780e-01
   8.30497194e-01  5.38691148e-01  1.15852040e+00  5.35703985e-01
   8.96587175e-01  3.24754757e-01  7.56478637e-01]
 [ 3.32692000e-01  9.13325054e-01  6.19477270e-01  6.50716779e-01
   6.49766871e-01  4.91859702e-01  2.29099109e-01  8.39629998e-02
   3.86209899e-01  3.19237142e-01 -1.92582666e-01  8.56669924e-01
   6.58128045e-01  5.24868285e-01  9.70571986e-01]
 [ 2.84429981e-01  3.57885907e-01  5.08298025e-01  5.73593816e-01
   6.86211342e-01  7.05997779e-01  3.65961824e-01  3.74034331e-01
   4.26429406e-01 -1.82162357e-03  5.66515463e-01  3.60264563e-01
   6.93350790e-01  3.68125876e-01  2.24181862e-03]
 [ 5.03475281e-01  1.28670319e+00  5.34481571e-02  6.50455803e-01
   7.07345879e-01  2.10018872e-01  7.91943250e-01  7.45748301e-01
   7.65807084e-01 -4.43591975e-01  2.81453078e-01  1.78366934e-01
   9.63361796e-01  3.02238630e-01  5.01056875e-01]
 [ 9.57917131e-01  1.29845860e+00  2.51802259e-01  4.08162806e-01
   9.90987929e-01  5.96354451e-01  3.99649248e-02  5.38980561e-01
   4.52310219e-01 -8.25045135e-01  1.16528436e+00  1.27314850e-01
   1.17372473e-02  3.49624706e-01  1.13894904e-01]
 [ 7.85636419e-01  4.56615597e-01  3.22164804e-01  9.84898045e-01
   3.28673883e-01  3.97812689e-01  8.71850748e-01  5.24264347e-01
   9.95112531e-01  1.15521360e+00  1.90844488e-01  7.52515707e-01
   3.87788464e-01  5.08752608e-01  4.95606015e-01]
 [ 8.11248790e-01  6.36954760e-01  9.52774104e-01  3.39723979e-01
   7.83311575e-01  4.26880764e-01  9.60251795e-01  1.69569916e-01
   7.37560483e-01 -7.19395551e-01  2.15259631e-01  1.12780603e-01
   5.78420432e-01  4.31201736e-01  1.00044901e+00]
 [ 6.42086674e-01 -1.74501580e+00  4.20056324e-02  6.00595612e-01
   3.31426564e-01  8.92953043e-01  5.91529102e-01  5.68597797e-01
   6.57343284e-01  2.03403510e-01  6.38519207e-01  8.33130304e-01
   2.32446624e-01  6.43340637e-01  9.60506586e-01]
 [ 8.61753747e-01  8.44522027e-01  7.91614552e-01  7.42248275e-01
   5.99026218e-01  5.17791999e-01  7.11644690e-01  8.83221711e-01
   4.48332259e-01  7.67444375e-01 -1.56382333e-01  5.07789770e-01
   7.85596139e-01  7.01898028e-01  1.43761881e-01]
 [ 8.30042778e-01  1.39188441e-01  8.37168357e-01  5.94592193e-01
   9.71480421e-01  7.35933659e-01  7.22923195e-01  9.21250969e-01
   8.90016029e-01  1.53119092e-01  2.86269591e-01  5.06170471e-01
   1.30533215e-01  3.66898032e-01  3.34497892e-01]
 [ 1.89921827e-01  5.55485782e-01  5.75134238e-01  9.44782730e-01
   1.54568981e-01  4.00819844e-01  1.65677868e-01  3.46384860e-01
   7.12749672e-02  1.34547956e+00 -6.98982837e-01  6.81964903e-01
   9.87358912e-01  8.70958737e-01  8.37340666e-01]
 [ 4.47955411e-01 -2.52442496e-01  8.78175452e-01  4.04307124e-01
   8.68325714e-01  3.70445380e-01  7.61419434e-01  7.53777343e-02
   1.06924462e-01 -7.59761403e-01 -4.58913854e-01  9.54698040e-01
   9.16320119e-01  1.83149503e-01  9.69488860e-01]
 [ 2.04465222e-01 -4.48167571e-01  6.12414128e-01  1.15401376e-01
   2.33381283e-01  5.44916688e-01  6.78109832e-01  2.91563467e-01
   5.31872380e-01  1.20191632e+00 -1.59565727e-01  1.76932796e-01
   4.52947305e-01  5.04529769e-01  7.14810918e-01]
 [ 4.58607101e-01 -1.37140632e+00  4.39798696e-01  7.24591676e-01
   2.33261449e-01  2.17964350e-01  9.93110173e-01  9.67322608e-01
   9.34716484e-02 -7.38180468e-01 -6.61059937e-01  6.29389310e-01
   1.85732001e-01  7.61500796e-01  1.14625220e-01]
 [ 4.16819261e-01 -3.18114496e-01  2.02871261e-01  3.38641488e-01
   1.84103642e-01  6.48334700e-03  7.54843963e-01  2.87961289e-01
   4.99804441e-01  1.03590147e+00  8.47018036e-01  7.53549803e-01
   8.19569958e-01  7.07409039e-01  5.77952694e-01]
 [ 4.00752227e-01  3.59712352e-01  9.99211043e-01  5.29151636e-01
   4.08739730e-01  9.09829402e-01  1.14617109e-01  4.59249169e-01
   7.42026839e-01  5.36123673e-01 -1.95904796e-01  8.83085336e-01
   9.61649770e-01  7.67706010e-01  7.07340250e-01]
 [ 6.50773047e-01 -1.10632889e+00  2.26016079e-01  9.52749038e-01
   7.66677094e-01  9.65896753e-01  8.47936052e-01  6.18112741e-01
   6.27421002e-01 -1.19268082e+00 -6.00350803e-01  7.21218043e-01
   2.56864765e-01  3.24701591e-01  5.98148346e-01]
 [ 2.36463036e-01  7.63898318e-02  1.13689770e-02  8.89119641e-01
   4.58723964e-01  7.82033094e-01  1.20861637e-01  6.49506242e-01
   6.53853894e-03  4.14748639e-01  3.06921732e-01  1.87381432e-01
   7.79230466e-01  8.90523445e-01  8.49342783e-02]
 [ 7.09297995e-01 -1.24061555e-01  7.89297071e-01  1.25878543e-01
  -2.54009696e-03  7.08243683e-01  9.65559943e-01  2.98296745e-02
   4.16942221e-01  3.12246000e-01 -7.19911769e-01  6.79736268e-01
   2.57647390e-01  2.36830285e-01  5.38578518e-01]
 [ 4.90898120e-01  2.20217294e-01  7.99649169e-01  3.50466110e-01
   9.20119815e-01  7.42818416e-01  9.70002169e-01  7.03377959e-01
   8.46343021e-01 -2.46168417e-01 -4.52657180e-01  1.04936454e-01
   6.85585789e-01  2.03561834e-02  1.00541989e+00]
 [ 6.79646470e-01 -1.96451230e+00  5.71093559e-01  6.46210781e-01
   2.10197552e-01  3.70997870e-01  6.46898414e-01  6.89170015e-01
   5.95939633e-01 -7.24849631e-01 -5.18391023e-01  6.89242787e-01
   6.72918164e-01  4.61698840e-01  4.98947711e-01]
 [ 4.39051755e-01  1.34999727e+00  3.39203942e-01  2.37969271e-01
   7.52291036e-01  4.34144374e-01  5.80497390e-01  8.38007985e-01
   8.90051663e-01  1.18217444e+00  4.00954164e-01  5.10386118e-01
   8.20438911e-01  1.50925010e-01  7.81432585e-01]
 [ 7.36217346e-01 -4.68293107e-01  8.54514292e-01  4.50296869e-01
   9.21393969e-01  8.11165107e-01  4.56639498e-01  1.01569180e+00
   4.95476470e-01 -1.49242933e+00  6.78656273e-01  4.17508764e-01
   4.88444874e-01  5.26110658e-01  7.27774080e-01]
 [ 7.01426140e-01 -8.25691112e-01  5.38587302e-01  1.36672610e-01
   4.55445604e-01  1.24596001e-01  5.64442759e-01  8.60787709e-01
   1.15815454e-01  1.05728639e+00 -8.31548735e-01  9.04342865e-01
   8.60757732e-01  6.30754806e-01  7.53991939e-01]
 [ 3.52105365e-01  3.57944611e-01  8.34818843e-01  8.52387235e-01
   4.24070695e-01  6.99850439e-01  2.53821038e-01  9.06716543e-02
   6.20667803e-01  7.36234965e-01  7.72450115e-01  5.55043374e-01
   7.97459533e-01  2.86289620e-01  3.67247531e-01]
 [ 2.49864833e-01  2.22468154e-01  7.60222111e-01  1.48175101e-02
   9.49244438e-01  5.77998245e-01  8.78345955e-02  2.42139240e-01
   5.67338332e-01  2.96051448e-01  6.99977193e-01  8.66089665e-01
   4.08059906e-01  2.37271008e-01  2.13657434e-01]
 [ 4.33895342e-01  8.56053778e-01  3.39256102e-01  9.09653111e-01
   2.76855272e-01  2.82343781e-01  8.99934235e-01  5.12571687e-02
   9.62530837e-01 -2.46347656e-01  2.81593862e-01  8.08537081e-01
   5.03664802e-01  9.29015105e-01  3.45832185e-01]
 [ 5.66208097e-01 -1.31904786e+00  6.89267506e-01  7.18881379e-01
   8.39577223e-01  3.40701941e-01  3.78415519e-01  7.71065262e-01
   2.55370799e-02 -2.11560125e-01 -8.00507556e-01  8.94248220e-01
   5.71344866e-01  6.64266886e-01  3.91130692e-01]
 [ 8.67296410e-01  5.05709670e-01  8.62990022e-01  5.34026145e-01
   1.58690099e-01  3.04335824e-01  8.46349807e-02  5.10422155e-01
   8.81717968e-01  1.24080635e+00  6.23023426e-01  5.55541458e-01
   7.45138515e-01  2.33872134e-01  9.51222084e-01]
 [ 4.56243922e-02  1.52641398e-01  9.21155872e-01  7.12717868e-01
   7.24999116e-01  9.97482119e-02  2.29704059e-01  4.13466692e-01
   8.40812580e-01 -6.46589536e-01 -5.68884380e-02  9.69383832e-01
   1.91631749e-01  7.58951002e-01  7.77557422e-01]
 [ 7.94393665e-01 -1.19511130e+00  5.64869865e-01  5.26179643e-01
   5.60083294e-01  4.00366055e-01  8.67152738e-01  9.52029544e-01
   1.25720743e-01 -1.17150105e+00  1.01726276e+00  9.03722976e-01
   2.98680062e-01  5.65206491e-01  5.43302264e-01]
 [ 5.56640885e-01 -1.37039534e-01  9.24439235e-01  6.44947061e-01
   9.82053755e-01  9.66654244e-01  5.47408199e-01  8.56303915e-01
   2.26818862e-01 -6.76675339e-01 -3.66431261e-01  5.76229034e-01
   1.17534129e-01  7.48926875e-01  8.22127301e-01]
 [ 9.84087642e-01 -3.92894516e-01  9.14631186e-01  3.67154104e-01
   3.79427181e-01  8.07044777e-01  6.87656339e-01  4.24577714e-01
   8.92597299e-01 -1.91315252e-02  1.34991446e+00  7.05607568e-01
   5.85328236e-01  3.21624614e-01  8.02200527e-01]
 [ 9.37280784e-01 -1.68098282e+00  5.52895177e-02  2.32130659e-01
   1.99527541e-01  7.64938889e-01  5.73981250e-01  8.09421687e-01
   7.79054007e-01  7.33290634e-02  1.13890592e+00  1.50546304e-01
   2.23093008e-01  2.18100746e-01  1.25398885e-01]
 [ 4.51812965e-01  1.88012931e-01  3.46422599e-01  6.93012864e-01
   1.56223934e-01  6.49385793e-01  3.61742221e-01  2.69887015e-01
   8.09334064e-01 -6.47861167e-02 -6.29352455e-01  3.52582089e-01
   9.24637652e-01  6.81412155e-01  8.89327206e-01]
 [ 9.07028389e-02  3.66550412e-01  2.85444306e-03  3.70452433e-01
   8.29415678e-02  7.31071433e-01  4.52805669e-01  9.74826750e-01
   7.23705553e-01 -9.05332568e-01  5.08892026e-01  9.66736652e-01
   3.59909826e-01  7.69962135e-01  4.47001190e-01]]

Biases da Camada Escondida
[ 0.80054494 -1.24870963  0.83207486  0.81991431  0.69557704  0.95023301
  0.51432658  0.56919873  0.34280045 -0.95185399 -0.97335049  0.8293035
  0.10872605  0.96348127  0.82282311]


Pesos de entrada da Camada de Saída
[[ -0.40328322  -1.26529345  -1.31356682  -0.11619592  -0.19271981
    0.03792343  -1.57888305]
 [-19.53584218  13.46858214  -3.07259282  -9.39854203   3.35890805
  -19.96902021  21.05007685]
 [ -0.64692109  -1.20542381  -0.89138784  -0.63129838  -0.64945977
   -0.13569733  -0.77442236]
 [ -0.12367741  -1.73950147  -1.6750717   -0.151799    -0.21335475
    0.60325703  -1.07585245]
 [ -0.12207432  -1.09097927  -1.52605261  -0.26617472  -0.47905818
    0.52722264  -1.11062891]
 [ -0.55231916  -1.550872    -1.51056692  -0.15087311  -0.31579913
    0.64630084  -1.30435695]
 [ -0.31342867  -1.18118178  -1.66230669  -0.70512275  -1.05689982
    0.4658353   -1.44358938]
 [  0.27728942  -1.76551582  -1.43177683  -0.85222386  -0.69648885
    0.65064259  -1.19830598]
 [ -0.06477914  -1.96735139  -0.90102934  -0.59513907  -0.14183461
   -0.06779891  -1.43154819]
 [ 10.14441832   7.4045533   21.89803631   2.08903593 -11.12722929
  -13.31380282  -5.77878083]
 [ -7.61611416   3.72272865  -0.71205572   9.43982976   8.67681341
   -0.09084791  -5.71781596]
 [ -0.1043362   -1.27386418  -1.26057886  -0.61539943  -0.77758312
    0.35419312  -1.24140924]
 [ -0.4267195   -1.03248445  -1.03257219  -0.32319728  -1.00576473
    0.52985681  -1.41621387]
 [ -0.20877787  -1.95838928  -0.79354996  -0.70277724  -0.89869017
   -0.26775723  -1.38948782]
 [  0.08871251  -1.72880133  -1.28482134  -0.87461101  -0.68673434
    0.22169811  -1.31795505]]

Biases da Camada de Saída
[ 0.22957849 -1.16022469 -1.46809115 -0.49558868 -0.47418924  0.33155025
 -0.82056158]


