Pesos de entrada da Camada Escondida
[[7.19526506e-02 6.07532217e-01 7.05330667e-01 5.09382459e-02
  2.90406361e-01 3.96172156e-02 3.72433313e-01 1.86330759e-01
  5.03545761e-01 6.52627412e-02 7.58876800e-02 1.70437495e-01
  9.04695837e-02 1.50563710e-01 9.53869115e-01]
 [1.97916454e-01 9.54388185e-02 2.76252004e-01 3.72221128e-02
  4.38136375e-01 1.43160566e-01 7.44150612e-01 3.20757699e-01
  5.69915396e-01 8.89172614e-01 3.91605299e-01 9.32381298e-02
  1.88547100e-01 6.98773998e-02 2.71828455e-02]
 [1.33363916e-01 9.59485343e-01 3.86109166e-01 8.81098246e-01
  4.38929867e-01 9.25597298e-01 4.09457597e-01 1.45559131e-01
  1.56417488e-01 2.70592059e-01 4.45981235e-01 3.10331828e-02
  8.75717423e-01 7.94618355e-01 8.15826647e-01]
 [5.05833066e-01 6.05392466e-01 8.72084578e-01 9.17396524e-01
  2.58033821e-01 4.93748588e-01 7.11658040e-01 6.32020867e-01
  4.01763213e-02 7.39398382e-01 8.42697767e-01 8.04659625e-02
  1.89924079e-01 6.17782404e-01 2.33940166e-01]
 [4.31650022e-01 4.23059792e-01 1.94591984e-01 8.86444668e-01
  4.46846029e-01 5.06732916e-01 9.61125512e-01 7.26604725e-01
  4.12096110e-01 6.59894923e-01 9.19730163e-01 3.18878967e-01
  9.17583153e-01 1.61687962e-01 1.20462086e-01]
 [2.87983099e-01 6.67231000e-01 8.25686338e-01 5.05985568e-01
  5.78842336e-01 1.96348525e-01 6.16873181e-01 6.46971983e-02
  7.21750827e-01 9.09610148e-01 1.34802923e-01 9.60426822e-01
  8.36640787e-01 3.18636580e-01 6.21512786e-01]
 [3.00780141e-01 5.26114596e-01 2.90160590e-01 1.48250566e-01
  7.05929476e-01 2.67400066e-01 7.93804086e-01 4.89463409e-01
  8.57662799e-01 7.79659806e-02 9.64863984e-01 6.60096908e-01
  4.98297648e-01 2.39088298e-01 2.67851289e-01]
 [5.92881021e-01 3.08471189e-01 2.85960575e-01 2.47298094e-01
  7.14493283e-01 2.66011579e-01 2.37601683e-01 9.07674216e-01
  4.29471838e-02 3.62760110e-01 2.11009729e-01 1.23414697e-01
  7.58356106e-01 8.33870428e-01 6.57771896e-01]
 [2.45756432e-01 1.77321395e-01 7.81775277e-01 5.87127828e-01
  3.05047237e-01 1.98005205e-01 9.09169131e-01 7.78548609e-01
  2.77065205e-01 9.18595311e-01 5.67794975e-01 5.84814547e-01
  4.75651871e-01 9.70809426e-01 9.92590641e-01]
 [3.44984987e-01 1.68680851e-01 4.86193279e-01 6.54232213e-01
  3.76431074e-01 2.69294784e-01 8.75764589e-02 4.73813375e-01
  1.15894793e-01 3.41005508e-02 5.02961882e-01 4.38003933e-01
  7.99205625e-01 5.13625363e-02 9.28815907e-01]
 [8.30860454e-01 3.39443479e-01 2.43318930e-02 4.00323341e-01
  6.12015836e-01 4.85398592e-01 2.72873037e-01 9.04458893e-01
  7.91387172e-01 3.46371301e-01 4.23908544e-01 5.83001953e-02
  6.44330932e-01 8.52990750e-01 2.75982319e-01]
 [5.66615397e-01 8.46274144e-01 7.67449042e-01 2.01360105e-01
  3.99175569e-02 4.65915947e-01 3.06391473e-01 1.23328831e-01
  1.25115624e-01 8.36229389e-01 3.72727711e-01 4.08990867e-02
  6.63495969e-01 6.18790062e-01 1.24059697e-01]
 [7.46619982e-02 2.86608538e-01 4.81041432e-01 1.28861863e-01
  9.07495118e-01 5.09629850e-01 2.34713209e-02 9.64772121e-01
  8.16648442e-01 4.56360138e-01 4.44783503e-01 1.28340431e-01
  1.03994891e-01 5.25477143e-01 7.28113603e-01]
 [3.82597757e-01 2.66535166e-01 4.46219471e-01 5.64335201e-01
  7.09300580e-01 1.58580603e-01 3.85905324e-01 3.35468985e-01
  9.69737492e-01 6.64958224e-01 2.66526668e-01 5.66327762e-01
  5.09245939e-01 9.88351783e-01 3.05841809e-01]
 [6.16033578e-01 6.03606247e-02 3.87536062e-01 1.77200731e-01
  1.09630202e-01 9.19960175e-01 8.26082092e-01 4.20770698e-01
  9.85301646e-01 4.81185291e-01 4.41763926e-01 6.42472272e-01
  1.62476630e-02 3.34479334e-01 1.83062760e-01]
 [1.25992711e-01 8.75010317e-01 5.93709063e-01 4.37329347e-01
  6.32379967e-01 9.52494965e-01 2.79686563e-01 8.98518793e-01
  6.37482306e-01 1.82630755e-01 4.30255871e-01 7.23685774e-01
  4.64679112e-01 7.57814000e-01 2.07146720e-01]
 [4.50698437e-01 7.21342448e-02 7.38606161e-01 4.65702040e-01
  8.09122934e-02 9.33066909e-01 3.95123210e-01 3.68407967e-01
  5.21485465e-01 6.99058746e-01 3.29285850e-01 1.46625597e-01
  7.75050134e-01 4.46862801e-01 4.39905104e-01]
 [6.80250727e-01 7.58742177e-01 8.06970799e-01 5.76975309e-01
  7.99980040e-02 1.79561965e-01 9.50587707e-02 3.68113401e-01
  6.40937516e-01 7.79486472e-01 4.23862275e-01 5.82001401e-01
  7.01111234e-02 9.66540859e-01 2.19242491e-01]
 [3.63308802e-01 7.46009289e-01 6.05436129e-01 2.83935224e-01
  5.75288378e-01 8.12280865e-01 5.86314858e-01 4.27925111e-01
  7.22237986e-01 5.01342798e-01 2.75629618e-01 9.41585118e-01
  5.29419510e-01 4.37087984e-01 1.83101733e-01]
 [8.09135532e-01 7.62362198e-01 1.81592003e-01 7.64058491e-01
  7.81861267e-01 7.13489965e-01 8.41719427e-01 8.96173896e-01
  4.68771814e-01 3.81291815e-01 9.42091223e-01 8.73964931e-01
  9.33713455e-01 6.54565338e-01 2.58948874e-01]
 [8.05805531e-01 3.09482552e-01 8.27441013e-01 9.80427850e-01
  7.67516303e-01 2.49997688e-01 3.14601312e-01 7.13571640e-02
  3.35780267e-02 7.54258989e-01 9.52637994e-01 6.96093597e-02
  2.41457692e-01 8.69943539e-01 8.33458410e-01]
 [7.00327970e-01 4.07111704e-01 1.62105218e-01 3.71981564e-01
  4.26031829e-01 8.63443613e-01 8.64867607e-01 6.11242242e-01
  3.63749488e-01 8.89163276e-01 8.58449359e-01 7.49687683e-01
  8.87750264e-01 9.18514859e-01 5.85824137e-01]
 [8.89908433e-01 2.54291748e-01 8.40024759e-01 2.61366575e-01
  4.16111829e-01 1.21144639e-01 9.80001179e-01 2.77146619e-01
  9.23977383e-01 4.39410755e-01 5.75676701e-01 2.31129033e-01
  7.22494761e-01 3.33572081e-01 8.89422102e-01]
 [2.46978489e-01 6.36288180e-01 6.35023960e-01 9.34314823e-01
  4.50389953e-01 2.47141498e-02 6.20419412e-01 8.11866818e-01
  8.44305981e-01 4.32442722e-02 1.05511153e-01 8.30963227e-01
  7.35844995e-01 7.66320818e-01 5.22221584e-01]
 [9.59496234e-01 8.49718456e-01 3.89594906e-01 9.89668610e-01
  1.06675544e-01 9.57115229e-01 1.90545001e-01 7.38949395e-01
  5.57724110e-01 5.21490397e-01 4.72703621e-01 4.72470789e-01
  8.81192454e-01 9.02389951e-03 7.11133786e-01]
 [2.93178142e-01 6.78766497e-01 2.92882522e-01 1.87355725e-01
  5.55847053e-01 1.61725890e-04 3.70016716e-01 1.94496294e-01
  2.75544713e-02 7.15104048e-01 6.35528371e-01 6.27245865e-01
  6.63491893e-01 6.49892490e-01 1.54355126e-01]
 [9.43197476e-01 1.19177340e-01 9.46256185e-01 1.95441278e-01
  7.38181524e-01 8.45002915e-01 9.53737877e-01 9.07344793e-01
  1.56609183e-01 8.17221185e-01 7.71276908e-01 7.18850877e-02
  9.89335446e-01 3.53012058e-01 3.66005756e-01]
 [7.58935972e-01 9.10142401e-01 9.80511699e-01 6.62363509e-02
  7.31124374e-01 6.56307780e-02 6.22926125e-01 8.96904580e-01
  8.30852121e-01 1.02970471e-01 6.80837355e-01 5.35994375e-01
  8.95788318e-01 3.24910271e-01 7.56551109e-01]
 [3.48060583e-01 8.17788215e-01 6.14368294e-01 6.60926403e-01
  6.80203255e-01 4.96709661e-01 2.31602728e-01 6.30852879e-02
  3.51120878e-01 4.81750516e-02 4.69417638e-01 8.57125203e-01
  6.51791675e-01 5.19356029e-01 9.69828115e-01]
 [3.01048783e-01 5.02793711e-01 5.08042148e-01 5.73340139e-01
  6.94279432e-01 7.09231030e-01 3.63138042e-01 3.48277247e-01
  4.27378348e-01 1.20496873e-01 6.85173545e-01 3.60373606e-01
  6.93970133e-01 3.68002852e-01 1.07035584e-03]
 [5.06428965e-01 6.05143714e-01 6.27910410e-02 6.50126552e-01
  7.04623310e-01 2.23895845e-01 7.91815044e-01 7.44878447e-01
  7.66649111e-01 9.71055539e-01 5.87799405e-01 1.77722284e-01
  9.73661031e-01 3.02690293e-01 4.87896663e-01]
 [9.57760789e-01 2.65317073e-01 2.51917894e-01 4.08060569e-01
  9.91039352e-01 5.96379347e-01 4.00627006e-02 5.39012387e-01
  4.52196636e-01 5.22754045e-01 2.81505540e-01 1.27417470e-01
  1.22425547e-02 3.49892386e-01 1.13919364e-01]
 [7.86435945e-01 6.20387702e-02 3.31515836e-01 9.84577035e-01
  3.25916205e-01 4.11278178e-01 8.71719231e-01 5.23484794e-01
  9.95919172e-01 7.29132886e-01 1.88170714e-01 7.51851675e-01
  3.97891470e-01 5.09197806e-01 4.82470900e-01]
 [8.10632800e-01 6.58491195e-02 9.52442559e-01 2.90913929e-01
  7.75610702e-01 3.99041839e-01 9.51278975e-01 1.67768519e-01
  7.90030022e-01 6.72966886e-02 5.10068696e-01 1.05810865e-01
  5.17903636e-01 4.53698319e-01 9.98169482e-01]
 [6.41766355e-01 1.93156468e-01 4.20944396e-02 5.99894826e-01
  3.31389056e-01 8.92429162e-01 5.91640711e-01 5.68664186e-01
  6.57690845e-01 2.66070957e-01 5.60125184e-02 8.33485092e-01
  2.31694479e-01 6.43462425e-01 9.60577804e-01]
 [8.77122330e-01 7.48985187e-01 7.86505576e-01 7.52457899e-01
  6.29462602e-01 5.22641958e-01 7.14148310e-01 8.62343999e-01
  4.13243238e-01 4.96382285e-01 5.05617970e-01 5.08245049e-01
  7.79259769e-01 6.96385772e-01 1.43018010e-01]
 [8.32914142e-01 6.51928197e-01 8.46447828e-01 5.94068102e-01
  9.68701870e-01 7.49443650e-01 7.22741656e-01 9.20388269e-01
  8.91092817e-01 4.78737096e-01 8.42655462e-01 5.05613328e-01
  1.39894554e-01 3.67329367e-01 3.21355912e-01]
 [2.04917482e-01 8.26433267e-01 5.75310817e-01 9.44882367e-01
  1.62324985e-01 4.04951234e-01 1.62716348e-01 3.20602452e-01
  7.22335748e-02 9.55376364e-01 1.66349125e-01 6.81773152e-01
  9.88830915e-01 8.70616107e-01 8.35868383e-01]
 [4.50325599e-01 6.76862542e-03 8.78732309e-01 4.04286340e-01
  8.68107359e-01 3.71844611e-01 7.61391442e-01 7.52271270e-02
  1.07050416e-01 3.21173917e-01 9.70389032e-02 9.54696437e-01
  9.17376450e-01 1.83163565e-01 9.69200070e-01]
 [2.04681252e-01 9.80261959e-02 6.12979134e-01 1.15388834e-01
  2.33127817e-01 5.45904436e-01 6.78078529e-01 2.91503161e-01
  5.31962948e-01 4.42123413e-01 8.73669304e-02 1.76911811e-01
  4.53807406e-01 5.04537366e-01 7.14547226e-01]
 [4.58908973e-01 6.21459643e-01 4.48719542e-01 6.75506008e-01
  2.22772150e-01 2.03458141e-01 9.83939105e-01 9.64702102e-01
  1.46833309e-01 5.03158778e-02 2.42135811e-02 6.21753540e-01
  1.35009986e-01 7.84275293e-01 9.91869780e-02]
 [4.16497447e-01 1.45352743e-01 2.02957412e-01 3.37968864e-01
  1.84059163e-01 6.03699796e-03 7.54945548e-01 2.88040090e-01
  5.00159368e-01 6.00180793e-01 3.69334989e-01 7.53840193e-01
  8.18771101e-01 7.07564553e-01 5.78025165e-01]
 [4.16120809e-01 2.64175512e-01 9.94102067e-01 5.39361260e-01
  4.39176113e-01 9.14679361e-01 1.17120729e-01 4.38371458e-01
  7.06937817e-01 2.65061583e-01 4.66095507e-01 8.83540616e-01
  9.55313400e-01 7.62193754e-01 7.06596379e-01]
 [6.53029916e-01 3.10010253e-01 2.34966662e-01 9.03386735e-01
  7.56204641e-01 9.51490287e-01 8.38791718e-01 6.15436232e-01
  6.80959963e-01 4.18017551e-01 1.46020491e-01 7.13755561e-01
  2.05756020e-01 3.47595784e-01 5.82725585e-01]
 [2.37163374e-01 6.19462638e-01 2.00537053e-02 8.88884727e-01
  4.56182033e-01 7.94455595e-01 1.20684667e-01 6.48759850e-01
  7.34745935e-03 6.77957526e-01 5.55277169e-01 1.86671986e-01
  7.88118435e-01 8.90827486e-01 7.20405094e-02]
 [7.24777959e-01 1.43764970e-01 7.97593373e-01 1.25755808e-01
  2.92744138e-03 7.23809826e-01 9.62452756e-01 3.36118146e-03
  4.18619181e-01 9.45144594e-01 1.46842972e-01 6.78856056e-01
  2.67147260e-01 2.36784097e-01 5.24476158e-01]
 [4.93792118e-01 2.56055857e-02 8.08311413e-01 3.50251638e-01
  9.17599288e-01 7.55682745e-01 9.69807490e-01 7.02536585e-01
  8.47208063e-01 5.80472824e-01 4.90535314e-01 1.04210169e-01
  6.94519616e-01 2.05325674e-02 9.92498909e-01]
 [6.79948342e-01 2.83536598e-02 5.80014405e-01 5.97125113e-01
  1.99708253e-01 3.56491660e-01 6.37727345e-01 6.86549509e-01
  6.49301294e-01 6.36467142e-02 1.66882495e-01 6.81607016e-01
  6.22196150e-01 4.84473337e-01 4.83509470e-01]
 [4.39196511e-01 1.02193734e-01 3.36318347e-01 2.43593420e-01
  7.58327743e-01 4.34639072e-01 5.84355352e-01 8.39367177e-01
  8.57193391e-01 3.23343115e-01 7.95799389e-01 5.10942372e-01
  8.13504153e-01 1.48101212e-01 7.81723176e-01]
 [7.50758973e-01 3.33648055e-04 8.54278086e-01 4.49903101e-01
  9.29421914e-01 8.14151849e-01 4.53874223e-01 9.90028931e-01
  4.96457309e-01 2.89573376e-02 4.64509343e-01 4.17605279e-01
  4.89242528e-01 5.25902546e-01 7.26618475e-01]
 [7.04509964e-01 2.64844353e-02 5.42665114e-01 9.79136995e-02
  4.67381589e-01 1.12052752e-01 5.60567321e-01 8.62896354e-01
  1.33284555e-01 8.75536003e-01 7.90969792e-01 8.97239147e-01
  8.02514962e-01 6.48344855e-01 7.38980912e-01]
 [3.52105365e-01 3.57944611e-01 8.34818843e-01 8.52387235e-01
  4.24070695e-01 6.99850439e-01 2.53821038e-01 9.06716543e-02
  6.20667803e-01 7.36234965e-01 7.72450115e-01 5.55043374e-01
  7.97459533e-01 2.86289620e-01 3.67247531e-01]
 [2.49864833e-01 2.22468154e-01 7.60222111e-01 1.48175101e-02
  9.49244438e-01 5.77998245e-01 8.78345955e-02 2.42139240e-01
  5.67338332e-01 2.96051448e-01 6.99977193e-01 8.66089665e-01
  4.08059906e-01 2.37271008e-01 2.13657434e-01]
 [4.48674968e-01 5.80807497e-01 3.38867676e-01 9.09765290e-01
  2.84864741e-01 2.85487423e-01 8.97004018e-01 2.55350670e-02
  9.63398876e-01 1.23342051e-01 8.99993166e-01 8.08366315e-01
  5.04276704e-01 9.28664876e-01 3.44623594e-01]
 [5.68849879e-01 1.63035078e-01 6.95282930e-01 6.75412140e-01
  8.35153008e-01 3.27054726e-01 3.73094729e-01 7.69696552e-01
  4.60892241e-02 7.79925371e-01 8.69624602e-01 8.87216263e-01
  5.13780665e-01 6.84056205e-01 3.75954578e-01]
 [8.67615800e-01 6.28813693e-01 8.61100677e-01 5.38332242e-01
  1.75024085e-01 3.05305180e-01 8.61584921e-02 5.13944012e-01
  8.78847938e-01 6.50375990e-01 3.45649072e-01 5.55606182e-01
  7.44244050e-01 2.31715146e-01 9.51419066e-01]
 [6.23370454e-02 5.90935103e-01 9.21514409e-01 7.12034923e-01
  7.32790441e-01 1.03822445e-01 2.26934215e-01 3.87687517e-01
  8.42061286e-01 9.37206245e-01 3.69950664e-02 9.69632651e-01
  1.92902774e-01 7.58870184e-01 7.76153606e-01]
 [7.97027030e-01 6.15014881e-02 5.74301556e-01 5.25149605e-01
  5.57323218e-01 4.13719147e-01 8.67136141e-01 9.51226078e-01
  1.26910331e-01 3.05813916e-01 7.41102397e-01 9.03433115e-01
  3.08227153e-01 5.65779942e-01 5.30213270e-01]
 [5.58786373e-01 9.15936243e-01 9.19984540e-01 6.05917118e-01
  9.96550147e-01 9.41531594e-01 5.43874672e-01 8.59218186e-01
  2.43591842e-01 3.00623450e-02 1.75185596e-01 5.70102042e-01
  5.05891439e-02 7.66355000e-01 8.20063029e-01]
 [9.83823441e-01 8.51572009e-01 9.09633970e-01 3.28116261e-01
  3.94155633e-01 7.80492550e-01 6.84171824e-01 4.27647274e-01
  9.09223589e-01 8.83966712e-01 9.49761600e-01 6.99518401e-01
  5.17477290e-01 3.39172797e-01 8.00427159e-01]
 [9.37232613e-01 1.09677474e-01 5.08573073e-02 1.93080274e-01
  2.14002528e-01 7.39374410e-01 5.70465431e-01 8.12430941e-01
  7.95770865e-01 2.16634394e-01 9.85685719e-01 1.44436152e-01
  1.56102164e-01 2.35656527e-01 1.23361825e-01]
 [4.69906661e-01 3.78314357e-01 3.53476032e-01 6.97102411e-01
  1.77838088e-01 6.67328578e-01 3.60196315e-01 2.46799823e-01
  8.08187469e-01 3.50213000e-01 2.99012137e-01 3.51859573e-01
  9.34550666e-01 6.79188756e-01 8.75152017e-01]
 [9.29576801e-02 6.16623159e-01 3.51525543e-03 3.70329934e-01
  8.27679016e-02 7.32448373e-01 4.52864458e-01 9.74690876e-01
  7.23731293e-01 7.44494184e-01 4.62059274e-01 9.66865846e-01
  3.61367806e-01 7.70076032e-01 4.46733493e-01]]

Biases da Camada Escondida
[0.81817039 0.07209267 0.83591647 0.78076163 0.71554097 0.9406765
 0.50768587 0.54564451 0.36125039 0.38778229 0.43502111 0.8222963
 0.05128094 0.98086321 0.80665647]


Pesos de entrada da Camada de Saída
[[0.27168227 0.72135861 0.51536798 0.91087119 0.87262644 0.30716734
  0.14986827]
 [0.22959748 0.39812048 0.91757791 0.84927812 0.40462013 0.59472735
  0.75620968]
 [0.03541349 0.79183104 0.91816942 0.40166664 0.42820164 0.14156948
  0.93414298]
 [0.48328228 0.24632176 0.10821178 0.8683831  0.84516579 0.93665713
  0.63143504]
 [0.54622731 0.87365624 0.32490464 0.73556316 0.55833323 0.79811704
  0.64307975]
 [0.14527191 0.43719405 0.27954478 0.87321839 0.74803971 0.92989367
  0.41414499]
 [0.35993285 0.80595    0.16819746 0.32201325 0.00974706 0.73497521
  0.28570291]
 [0.94974425 0.20344518 0.3972862  0.16110991 0.34888912 0.91535543
  0.57091085]
 [0.47438961 0.00701673 0.89468867 0.39788595 0.88901565 0.29001088
  0.27179515]
 [0.415447   0.56227341 0.42071594 0.41904078 0.93736913 0.15713517
  0.50431558]
 [0.3463992  0.32181093 0.16179161 0.68630704 0.81916222 0.97768462
  0.29247885]
 [0.55113903 0.72038075 0.56161736 0.41454954 0.29578282 0.64008704
  0.46663592]
 [0.17655292 0.94769988 0.72772555 0.69270837 0.04460377 0.88456683
  0.28462495]
 [0.4035923  0.03442613 0.97993228 0.321328   0.16475936 0.05130085
  0.31652984]
 [0.75881066 0.26259068 0.4951451  0.14869126 0.37932856 0.52175802
  0.39050406]]

Biases da Camada de Saída
[0.91921462 0.8413964  0.35535426 0.54501702 0.61085527 0.59486241
 0.88967832]


