Pesos de entrada da Camada Escondida
[[0.74358887 0.71032122 0.19362613 ... 0.12080244 0.70194304 0.77023219]
 [0.66017611 0.52862915 0.24316069 ... 0.61189583 0.65231764 0.30155325]
 [0.15037937 0.51801457 0.429472   ... 0.86235433 0.8680596  0.4642829 ]
 ...
 [0.95341788 0.81371306 0.8972416  ... 0.07064103 0.08885189 0.69069114]
 [0.0913974  0.52428769 0.42760359 ... 0.23186389 0.76464435 0.04403046]
 [0.4608456  0.23079683 0.1924177  ... 0.20859753 0.69954686 0.68188037]]

Biases da Camada Escondida
[0.24638615 0.10820391 0.00755245 0.79749709 0.49942544 0.96148039
 0.11946399 0.08125005 0.73969719 0.89159261 0.42354873 0.36375881
 0.67826786 0.71784243 0.64611828 0.71234443 0.38970044 0.18681009]


Pesos de entrada da Camada de Saída
[[0.94497728 0.56603545 0.81263285 0.13423298 0.2361838  0.91791324
  0.54627021]
 [0.31636295 0.83317206 0.28697277 0.73933307 0.82009185 0.58168073
  0.58672187]
 [0.71716176 0.77919799 0.91612654 0.19539484 0.77270277 0.57912488
  0.39810752]
 [0.74583629 0.21121731 0.75251094 0.07887293 0.11656549 0.70591315
  0.17491983]
 [0.25705734 0.10521625 0.73243155 0.98409899 0.66536155 0.68620693
  0.11593441]
 [0.18731574 0.98962743 0.04846001 0.46752961 0.26113728 0.6870572
  0.48530501]
 [0.25420283 0.84809934 0.83571174 0.67005971 0.89188009 0.34824011
  0.90117124]
 [0.59883847 0.13630007 0.13795958 0.27461269 0.07259928 0.72221127
  0.87415986]
 [0.50551486 0.65734933 0.43951509 0.6684069  0.42797377 0.17548162
  0.13625073]
 [0.91920239 0.83916869 0.70619502 0.96782013 0.4309578  0.0256176
  0.58006111]
 [0.30428609 0.74069779 0.2563433  0.54670766 0.10359638 0.48471452
  0.69039507]
 [0.47758322 0.73829013 0.54198617 0.18366265 0.97316874 0.6787542
  0.56859713]
 [0.87321696 0.75049141 0.45669335 0.31567691 0.01180206 0.13617661
  0.27338278]
 [0.45668487 0.98515055 0.65035193 0.5492915  0.37681801 0.39333876
  0.89259771]
 [0.43365981 0.1997177  0.40336965 0.21202598 0.93055386 0.69737969
  0.61658053]
 [0.9777134  0.28513127 0.94561158 0.1367337  0.70255412 0.72975484
  0.25030547]
 [0.17243163 0.74437853 0.57364427 0.98674448 0.88462493 0.98980028
  0.11622749]
 [0.01115329 0.77228388 0.8074573  0.39290831 0.22032975 0.44499711
  0.44375795]]

Biases da Camada de Saída
[0.09522189 0.20454271 0.46138904 0.82349975 0.94475764 0.02153434
 0.07037458]


