Pesos de entrada da Camada Escondida
[[ 0.74542378  1.22396674  0.18545037 ...  0.10937502  0.66576547
   1.14259978]
 [ 0.65852442  0.63213541  0.24030894 ...  0.61158581  0.65447711
   0.80286874]
 [ 0.18082171  0.48012225  0.42987318 ...  0.86868213  0.86852669
  -0.74477374]
 ...
 [ 1.04461862 -0.89762607  0.91503526 ...  0.10084217  0.16595435
  -0.83043192]
 [ 0.12183139  0.24801733  0.42344892 ...  0.23140208  0.72472302
  -0.3579872 ]
 [ 0.4599323   1.65891242  0.18994737 ...  0.20925978  0.70009866
  -0.38743081]]

Biases da Camada Escondida
[ 0.34465301 -0.88531754  0.0194709   0.90227919  0.54437915  1.00581621
  0.12487758  0.170689    0.68177927  0.83831622  0.45622645  0.39661641
  0.68417521  0.72829145  0.69733696  0.73824707  0.42613594 -1.25539361]


Pesos de entrada da Camada de Saída
[[ 1.00961634e+00 -2.50155497e+00 -2.48555599e-02 -1.32319575e+00
  -1.93681053e+00  7.09388270e-01 -2.53243987e+00]
 [-2.15486294e+01  8.40275008e+00  1.14891048e+01 -2.20166599e+01
   3.67365834e+01 -4.16372111e+01  3.59082465e+01]
 [ 7.51950615e-01 -2.29545079e+00  1.40122680e-01 -1.28073386e+00
  -1.45428802e+00  4.26871394e-01 -2.69747481e+00]
 [ 8.35996312e-01 -2.84491111e+00  9.41969372e-05 -1.33683293e+00
  -2.04780286e+00  2.87487007e-01 -2.93747393e+00]
 [ 3.05982373e-01 -2.96892306e+00 -6.56562656e-02 -4.71839222e-01
  -1.53846752e+00  4.56983355e-01 -2.94877703e+00]
 [ 1.89848519e-01 -2.08016943e+00 -7.23015899e-01 -9.98046520e-01
  -1.93342062e+00  5.27209521e-01 -2.60300537e+00]
 [ 2.97254288e-01 -2.21968854e+00  3.07881417e-02 -8.10136078e-01
  -1.30394682e+00  2.18372830e-01 -2.21353896e+00]
 [ 6.94367700e-01 -2.93510251e+00 -6.58020535e-01 -1.15087549e+00
  -2.11547928e+00  3.32736746e-01 -2.17329993e+00]
 [ 6.12197117e-01 -2.41531821e+00 -3.63341198e-01 -7.47839366e-01
  -1.76923250e+00 -2.04599729e-01 -2.93267451e+00]
 [ 9.90851740e-01 -2.23713983e+00 -1.08704227e-01 -4.93621775e-01
  -1.78171758e+00 -1.98464734e-01 -2.48712332e+00]
 [ 3.71284175e-01 -2.33494668e+00 -5.35829335e-01 -9.06931959e-01
  -2.11161566e+00  2.28379802e-01 -2.37907032e+00]
 [ 6.43281443e-01 -2.32638601e+00 -2.81240410e-01 -1.18599447e+00
  -1.17172635e+00  4.66053104e-02 -2.45591386e+00]
 [ 9.23408150e-01 -2.32218568e+00 -3.44453154e-01 -1.15700051e+00
  -2.19770983e+00 -3.69892524e-02 -2.81477956e+00]
 [ 5.51077739e-01 -2.08131075e+00 -1.69576753e-01 -8.85618017e-01
  -1.80236854e+00  6.62615221e-02 -2.18250758e+00]
 [ 5.19590856e-01 -2.86856230e+00 -4.12251978e-01 -1.22487243e+00
  -1.24371285e+00  3.72242654e-01 -2.45009734e+00]
 [ 1.00730303e+00 -2.78733040e+00  1.69223892e-01 -1.33700956e+00
  -1.51267929e+00  5.76989993e-01 -2.84973542e+00]
 [ 2.50220144e-01 -2.31290417e+00 -2.79431831e-01 -4.69848285e-01
  -1.25828046e+00  7.60681465e-01 -2.98064441e+00]
 [-3.12223666e+01  4.06286165e+01 -4.29507336e+01  2.65867636e+01
  -1.67690679e+01 -1.63984198e+00  1.70078967e+01]]

Biases da Camada de Saída
[ 0.12430624 -2.87768316 -0.3179264  -0.66822268 -1.30581238 -0.07821731
 -3.01382319]


