Pesos de entrada da Camada Escondida
[[ 7.77185190e-01  1.38505077e-01  1.71877958e-01  1.12213309e+00
   1.42463338e-01 -1.51556506e-02  5.20451517e-01  5.81058239e-01
   9.85283801e-01  2.19586705e-01  7.39647244e-01  9.21105227e-01
   4.47448677e-01  6.62067027e-01  3.42203921e-01  1.19495123e+00
   7.90089155e-01  7.90914746e-01  5.03322284e-01  7.82071400e-01]
 [ 9.20437456e-01  8.58286538e-01  7.41208876e-01  1.03114937e+00
   9.16369747e-01  7.62514844e-01  8.25023291e-01  7.76304857e-01
   5.11845656e-01  2.61511272e-01  6.05452802e-01  6.52889637e-02
   6.19997310e-01  2.18732295e-01  5.94951732e-01  3.87138327e-01
   5.94654423e-01  6.42233471e-01  8.35850793e-01  1.25737937e-01]
 [ 9.57095851e-01  2.89786257e-01  5.77747358e-01 -1.26566443e+00
   6.87686114e-01  1.06508187e-01  6.49835164e-01  7.48446273e-02
   8.47444017e-01  4.87398742e-02  7.88688385e-01  7.70530725e-01
   8.65670473e-01  9.43881787e-01  7.60368041e-01  2.43567871e-01
   8.61895523e-01  8.15113956e-01  4.26871753e-01  2.30093938e-01]
 [ 8.86463496e-01  6.97748952e-01  4.97150723e-02  1.52286034e-01
   4.95565088e-01  1.14145837e-01  3.15739480e-01  6.56247295e-01
   1.84047808e-01  7.94542451e-01  7.82495305e-01  2.23400911e-01
   7.59944242e-01  5.94166856e-01  1.95771008e-01 -4.28563668e-01
   8.01716188e-01  4.98507857e-01  9.55278577e-02  7.37490251e-02]
 [ 6.44148727e-01  7.72270817e-01  1.52668905e-02  1.30618349e-01
   7.42314734e-01  2.58087412e-01  5.62202135e-01  7.79227455e-01
   8.25171830e-01  8.12783054e-01  4.74968834e-01  9.03824690e-01
   1.75775365e-01  6.37313669e-01  3.62188487e-01  8.37492413e-02
   1.11408453e-01  8.12483198e-01  3.45635755e-01  9.64981845e-01]
 [-6.87774143e-02  8.66176301e-02  2.73994459e-01  2.13599647e-01
   5.30924599e-01  6.25182732e-01  2.18692191e-03  1.42648532e-01
   3.64330602e-01  6.71368586e-02  5.04798447e-01  9.24481539e-02
   9.30644181e-01  8.43280879e-01  3.91872656e-01 -2.08491418e-01
   3.56526842e-01  8.12874146e-01  6.61867688e-01  7.84913540e-01]
 [ 6.40256982e-01  7.74516889e-01  3.10111993e-01 -2.81006304e-01
   2.97576072e-01 -2.78973849e-01  5.06763579e-01  6.33778767e-01
   1.26797799e-01  7.85532991e-01  7.95444758e-01  6.85170707e-01
   8.47417984e-01  5.93992841e-02  3.97347395e-01  3.86074709e-01
   6.75009797e-01  3.56678053e-01  5.42250177e-01  4.50506531e-01]
 [ 9.27612772e-01  7.52289197e-01  8.10441839e-01  1.12046835e+00
   3.52921902e-01  1.68587869e-01  7.42780885e-01  4.36958198e-01
   7.47764783e-01  9.19549722e-01  8.24847621e-02  4.24332955e-01
   5.08014066e-01  7.04563086e-02  7.22117302e-01  6.10627663e-01
   2.89678825e-02  3.91520906e-01  8.24532436e-02  3.82872144e-02]
 [ 4.73653141e-01  7.89060088e-01  8.75601854e-01 -1.45327794e+00
   7.28622224e-02 -3.43511615e-01  3.83365439e-01  1.58903947e-03
   9.75693711e-01  1.01630570e-01  3.63667373e-01  2.68206842e-01
   6.71948803e-01  3.89224420e-01  2.50088876e-01  5.16573105e-01
   8.38063496e-01  7.29743412e-01  6.32270893e-01  9.90845582e-02]
 [ 8.13993354e-01  7.48455175e-01  1.46385424e-01  9.06485527e-01
   7.07936447e-01  9.34434582e-01  2.04607381e-01  3.35192835e-01
   9.67465430e-01  3.36859207e-01  7.69738613e-01  2.16140848e-01
   7.90748002e-01  9.63417924e-01  1.32315728e-01  6.99272886e-01
   5.14697858e-01  7.18469065e-01  1.67415857e-01  3.51286839e-01]
 [ 9.23347659e-01  7.25416397e-01  9.14519703e-01  1.33985628e-01
   1.79326631e-01 -1.31037367e-01  6.86839625e-01  3.89664021e-01
   9.20182962e-01  5.58820985e-01  4.71448936e-01  3.19293834e-01
   5.50475792e-01  7.26842386e-01  7.50823874e-01  2.12692303e-01
   6.02630633e-01  2.90202936e-01  3.43143363e-01  6.65074966e-01]
 [ 9.20020631e-01  3.03473368e-01  5.31932716e-02 -8.72210728e-01
   2.68293154e-01 -1.19942395e+00  8.33434049e-01  5.02518509e-01
   5.72467689e-01  5.25541468e-01  5.14464573e-01  8.21880565e-01
   9.60614990e-01  6.83965463e-01  5.63703089e-01  2.73132527e-01
   3.99878772e-01  6.00579330e-01  6.63930074e-01  6.43817374e-01]
 [ 8.41713829e-01  2.58080699e-01  9.58074856e-01  2.77077066e-01
   6.44149093e-01  1.05240726e+00  3.22697911e-02  3.59194190e-01
   3.85122980e-01  5.40239066e-01  1.01484412e+00  5.52624844e-01
   6.29757403e-01  9.41979842e-01  8.44372778e-02  1.04351172e-01
   3.14313098e-01  5.32413831e-01  4.93646361e-02  9.20604734e-02]
 [ 9.73599325e-01  1.44465091e-02  8.45008545e-01  1.97292539e-01
   3.22806367e-01  6.01010140e-01  5.58233160e-01  2.97936564e-01
   5.72134673e-01  8.92374612e-01  3.10822030e-01  9.36143350e-01
   5.15059658e-01  2.10050960e-02  7.38665037e-01 -6.23663530e-03
   7.74792304e-01  2.56495959e-01  9.21968152e-01  8.38301552e-01]
 [ 3.51997884e-01  6.34924203e-01  2.49067928e-01 -8.35877919e-01
   9.17373339e-01 -1.30597189e-01  6.98608295e-01  5.06698161e-01
   7.86145646e-01  1.94999905e-01  9.40867420e-01  1.90268381e-01
   7.29940165e-01  5.55788806e-01  2.32552595e-01  7.62953187e-02
   9.56975480e-01  9.14149124e-01  3.81887390e-01  2.44555296e-01]
 [ 1.09973350e-01  3.97652573e-01  7.83787606e-01  5.97800640e-01
   6.10783592e-01  1.83990254e-01  8.18158214e-01  9.18348386e-02
   3.56698743e-02  3.60918081e-01  6.81815571e-01  7.02215119e-01
   6.64365782e-02  7.39216274e-01  3.31719394e-01  4.07368126e-01
   9.12124991e-01  9.53667988e-01  2.64716030e-01  1.04364528e-01]
 [ 8.04242777e-01  1.79985332e-01  8.89062059e-01  8.03770751e-02
   3.59072743e-01  1.44350756e-01  1.71430224e-01  2.25220878e-01
   4.16111846e-01  4.99468698e-01  6.42593648e-01  1.97823452e-01
   4.33138046e-01  5.49117561e-01  7.41332725e-01  5.19900840e-01
   4.24382983e-01  4.20031629e-01  1.70251548e-01  9.61591595e-01]
 [ 9.67889924e-01  9.72285170e-02  8.42274665e-01 -1.24966353e+00
   3.97735024e-01 -1.11745061e+00  9.54817636e-01  2.10502388e-01
   3.83399107e-01  4.56218626e-01  1.21287783e-01  9.62317907e-01
   5.23443792e-03  7.10672167e-01  6.37837722e-01  1.39064226e-01
   7.67616201e-01  3.13010413e-01  2.95510255e-01  7.34190564e-01]
 [ 8.13316412e-01  1.95826165e-01  2.96283208e-01  3.22744553e-01
   6.47038356e-01  5.82926524e-01  5.73216808e-01  5.15787074e-01
   7.58706034e-01  4.38895022e-01  1.68262410e-01  6.46686538e-01
   7.33668607e-01  8.47517188e-01  2.03948333e-01  2.35862674e-01
   2.35486726e-01  6.11342689e-01  9.24412310e-01  1.93281206e-01]
 [ 8.35527633e-01  9.03272165e-01  5.84639550e-01  4.73762556e-01
   1.59241791e-01  1.13983228e+00  5.76442233e-01  2.24721004e-01
   3.38197479e-01  3.56496875e-01  3.70894302e-02  7.05266917e-01
  -1.56438795e-02  6.04618181e-01  8.76097564e-01 -6.26643081e-01
   8.64190881e-01  9.44769770e-01  6.51030961e-01  1.00249337e+00]
 [ 2.99013864e-01  7.29260817e-01  2.42387238e-01 -8.04846385e-01
   4.85369380e-01  9.98233322e-02  8.08924906e-01  6.60682404e-01
   4.41474755e-01  3.22450758e-01  8.93329512e-02  2.67833058e-01
   7.38286340e-01  2.47217549e-01 -4.06665121e-03  1.14210567e+00
   2.42422031e-01  7.38323573e-01  7.51867805e-02  9.30002618e-01]
 [ 7.48826725e-01  8.48051362e-01  4.94251195e-02 -9.14779145e-01
   8.22725774e-01 -3.84820262e-01  9.35051387e-01  4.41302464e-01
   2.80050880e-01  5.25142542e-01  9.50750003e-01  1.38512831e-01
   1.83392026e-01  5.55935159e-01  4.90847502e-01  8.70943690e-01
   7.33801518e-01  2.77364720e-01  2.47949047e-01  1.48117897e-01]
 [ 1.41380327e-01  4.05116361e-01  1.53461455e-01  2.22920409e-01
   7.76554322e-01 -1.78134781e-01  1.44378819e-01  2.96507203e-01
   8.30435248e-01  7.16501013e-02  7.84381325e-01  9.60532156e-01
   8.21050839e-01  7.11561166e-01  5.99601840e-01  1.11627657e+00
   3.00149133e-02  8.07930411e-01  9.17840390e-02  6.68672899e-01]
 [ 1.21404040e-01  3.87165194e-01  8.36118463e-01 -1.18244922e+00
   5.40356218e-01 -1.66985587e+00  6.02165877e-01  9.45509478e-01
   5.92008177e-01  2.31889599e-01  2.68652061e-01  4.83980979e-01
   4.99227719e-01  5.01858883e-01  4.78330091e-01  3.42049578e-01
   1.00888579e-01  9.89561996e-01  3.25862129e-01  1.47347097e-01]
 [ 8.05044987e-01  9.64768830e-01  4.05294923e-01  1.21093685e+00
   6.58547532e-01  1.86032766e-01  8.55286773e-01  1.94464104e-01
   8.41816307e-01  5.43341020e-02  7.01152121e-01  4.80776528e-01
   8.89025675e-01  7.20863586e-01  4.76257482e-03  6.29540232e-01
   1.72679940e-01  2.54990773e-01  7.20623057e-01  2.13514586e-01]
 [ 7.83824016e-02  4.53068316e-01  2.66781659e-01  4.35289212e-01
   2.88045187e-01  1.55818614e-01  5.74872025e-02  2.87207346e-01
   3.74907224e-01  4.81579785e-01  3.55909377e-01  4.03724167e-01
   9.94990467e-01  8.21661745e-01  4.74114170e-01 -1.70967932e-01
   9.54412556e-01  6.38541771e-01  7.58031537e-01  7.86474923e-01]
 [ 3.27647306e-01  5.62280491e-01  5.26519899e-02  4.04079821e-01
   6.87191920e-01  1.14401119e+00  4.15803938e-01  7.98612771e-01
   6.95803300e-01  9.56943714e-02  8.46457435e-01  9.85853543e-01
   7.04981317e-01  9.53604828e-01  7.24500493e-01 -2.62886169e-01
   6.43402826e-01  3.93928648e-01  3.51098504e-01  4.82391108e-01]
 [ 7.76334681e-01  8.73897119e-01  1.34523493e-01  1.57914948e-01
   2.41670615e-01  1.89382412e+00  9.02339234e-01  8.01024487e-01
   3.06625596e-01  4.29874471e-01  5.19738871e-01  1.60576112e-01
   6.79237035e-02  2.70116503e-01  5.43075164e-01  1.16904138e+00
   2.77502817e-01  5.43696645e-01  3.16736342e-01  8.20273597e-01]
 [ 3.46758521e-01  7.49761573e-01  9.60413251e-01 -5.45387257e-01
   3.76442130e-01 -5.03123580e-01  6.69525638e-01  7.37553733e-01
   2.90736331e-01  6.27832114e-01  7.16047377e-01  1.82570359e-01
   9.79497370e-01  9.53511874e-01  2.32321479e-01 -7.20045016e-03
   8.43399816e-01  5.52316680e-01  9.68430173e-01  9.76773776e-01]
 [ 3.62680666e-01  1.17073962e-01  2.59359356e-01  1.04259458e+00
   8.04984897e-01 -9.16266261e-02  4.36951442e-01  8.31467127e-01
   1.64546409e-01  7.45356203e-01  1.85333590e-01  7.18721956e-01
   6.29863837e-01  4.51052742e-01  2.77148038e-01  9.91354886e-01
   1.65870529e-01  9.14290704e-01  5.88153722e-01  6.20251268e-01]
 [ 3.62642572e-01  4.81143500e-01  6.08306755e-01  1.62649470e+00
   3.23556575e-01 -1.26329903e+00  4.72424207e-01  7.59408444e-01
   6.42874337e-01  1.68833604e-01  7.07247227e-02  5.50285968e-01
   9.78412018e-01  2.85951626e-02  4.66183865e-01  3.20235026e-02
   9.26961786e-01  7.25264918e-01  7.09347657e-01  9.79691044e-01]
 [ 5.28640974e-02  3.47499969e-01  6.62677213e-01  2.24960333e+00
   3.12015761e-01  3.68067592e-01  8.01092817e-01  9.38794362e-01
   5.66743048e-01  7.81421395e-02  3.21933976e-01  3.23401888e-01
   9.47647757e-02  5.63074869e-01  2.99537815e-02  1.86003347e-01
   5.61448883e-01  7.05605554e-01  4.29388887e-01  3.58254762e-01]
 [ 2.01767075e-01  4.65147534e-02  3.26019405e-01  1.27960179e+00
   8.39204021e-01  3.43211213e-02  5.71009008e-01  3.02119314e-01
   3.97120077e-01  3.30705228e-01  8.56604023e-02  9.71694158e-01
   3.02310830e-01  2.38299856e-01  6.42541259e-01  3.82703480e-01
   8.97540405e-01  4.85129360e-01  5.84747260e-01  6.23837914e-01]
 [ 1.94873257e-01  8.35024172e-01  7.48715439e-01  9.08293587e-01
   7.29073034e-01  1.32231371e+00  1.19788772e-01  4.24879558e-01
   3.88947796e-01  1.02232478e+00  1.42967499e-01  9.61017915e-01
   7.11603948e-01  8.71794150e-01  2.83767479e-01 -7.72147827e-01
   3.14881454e-01  7.96966354e-01  2.21053966e-01  2.69013033e-01]
 [ 4.11425859e-01  6.95231098e-01  4.00909701e-01 -3.10668030e-01
   4.75727501e-02  1.65246530e+00  2.97114611e-01  1.78140455e-01
   7.96049632e-01  6.92084380e-01  5.47605040e-01  8.70781149e-01
   3.37245300e-01  1.26580594e-01  3.11036744e-01  1.03160577e+00
   3.51852636e-01  1.60442004e-01  5.32268237e-01  8.18196417e-01]
 [ 6.33206275e-02  8.98777700e-01  8.62357479e-01 -3.20487393e-01
   8.27643117e-01 -7.19201584e-01  6.41164664e-01  8.78516160e-02
   9.73181972e-01  4.93473054e-01  7.20090668e-01  4.56036468e-03
   4.88254159e-02  3.83394238e-01  3.25292398e-01  7.68550430e-01
   9.20562592e-01  5.57079566e-03  8.09070769e-01  5.71285094e-01]
 [ 6.02352853e-01  1.30188912e-01  2.32918685e-01 -4.14065013e-01
   7.89338867e-02 -8.22864340e-01  7.95926146e-01  7.51890723e-01
   4.03442559e-01  3.63335751e-01  7.21946834e-01  1.18877117e-01
   8.85553365e-03  9.13691216e-01  9.19576452e-01  6.98811410e-01
   7.53970184e-01  3.16629943e-01  1.63035661e-01  6.73902026e-01]
 [ 8.34608362e-01  2.73183076e-03  7.12698267e-01  2.77027048e-01
   1.82637130e-01 -9.53180992e-01  5.48391708e-01  9.20393803e-01
   1.62134359e-01  7.36349866e-01  7.51970095e-01  9.59976635e-01
   5.50646664e-01  5.90811626e-01  9.42319161e-01 -5.31759253e-02
   8.01263978e-01  6.36031913e-01  4.94242514e-01  2.69446996e-01]
 [ 3.85409169e-01  2.72772893e-01  4.47866827e-01 -4.04474908e-02
   3.56500143e-01 -1.58212023e+00  8.84958699e-01  5.03980455e-01
   7.59293680e-01  2.03821799e-01  9.31605863e-01  2.11033626e-01
   6.01012494e-02  5.82089162e-01  3.52768389e-01  5.62926752e-01
   1.75688708e-02  7.89094514e-01  1.61935667e-01  7.31078164e-02]
 [ 8.23654134e-01  8.31748054e-01  8.63797031e-02 -1.27691215e-01
   5.16638229e-01 -9.58901991e-02  9.13088186e-01  9.23188111e-01
   9.92989320e-01  2.98120806e-02  6.32571755e-01  3.20651539e-01
   3.48882776e-01  8.41579113e-01  7.74156493e-01  5.21287068e-01
   5.14771970e-01  7.97227824e-01  6.44117609e-01  1.75514609e-02]
 [ 2.89457812e-01  7.96107681e-01  7.10064147e-01  2.36556701e-01
   5.19706748e-01  2.68811550e-01  8.79688861e-01  9.41589838e-01
   2.88293292e-01  1.14147254e-01  8.94481687e-01  8.04280990e-01
   2.48351699e-02  9.39897966e-01  9.73024001e-01 -4.06121628e-01
   3.48603622e-01  3.82048499e-01  9.00031845e-01  6.85933283e-01]
 [ 3.50258131e-01  7.72793067e-01  8.26080791e-01  5.17268250e-01
   4.06073050e-01  1.89478376e+00  8.21271097e-01  8.52734358e-01
   1.79726040e-01  9.59200855e-01  6.08305856e-01  2.84612239e-01
   9.31647504e-01  7.39405960e-01  3.25109041e-01  7.00906286e-01
   8.47250708e-01  8.36029650e-01  1.06566887e-01  2.88827768e-01]
 [ 3.78834332e-01  4.63142343e-01  8.18710125e-01 -5.71135306e-01
   2.28926980e-01 -4.33898164e-01  8.92102190e-01  8.09944575e-01
   6.53563804e-01  2.27462291e-01  1.49399304e-01  9.91767749e-01
   4.25144138e-01  9.69839402e-01  9.74490162e-01  1.57976336e-01
   5.86375983e-01  3.90624707e-01  7.35812159e-01  8.11768256e-01]
 [ 3.28277659e-01  3.00293674e-01  5.77667891e-01  8.35056566e-01
   7.02003953e-02  1.84450341e-01  7.13989169e-01  7.25970824e-01
   3.58230313e-01  4.34712712e-01  5.97404651e-02 -8.86686138e-04
   5.36008880e-01  1.95504080e-01  3.91558227e-01 -9.84510697e-01
   8.55569164e-01  3.59665700e-01  8.21559650e-01  5.51544065e-01]
 [ 9.38690545e-01  9.18919729e-01  6.74962473e-01  5.31538848e-01
   3.24020866e-01 -1.65903807e-01  7.33049714e-01  7.96027535e-01
   5.86556248e-01  8.91110963e-01  5.50147315e-01  6.67780822e-01
   2.72183428e-01  3.32009840e-01  1.74698030e-01  4.40288098e-01
   2.11424608e-01  8.90720210e-01  7.62359958e-01  9.56192138e-01]
 [ 1.20319291e-01  7.00197417e-01  9.10193235e-01  3.30911478e-01
   1.89824802e-01 -3.12623024e-01  9.64027072e-01  1.25382981e-01
   5.23532728e-01  9.86103259e-01  3.97618454e-01  8.07962669e-01
   3.73501614e-01  4.95882691e-01  7.37308783e-01  4.73438158e-01
   2.74667101e-01  5.46656343e-02  8.45124477e-01  2.24944002e-01]
 [ 4.34869018e-01  1.34639980e-01  5.43585823e-02 -4.17281930e-01
   9.05169589e-01 -6.85516192e-01  2.38161436e-01  6.07834328e-01
   6.64684061e-01  5.30813062e-01  5.33885392e-01  4.77237648e-01
   1.52803511e-01  6.78215458e-01  7.66770240e-02  4.64473004e-01
   9.86421088e-01  3.32975458e-01  7.37291992e-01  4.31584517e-01]
 [ 6.38989335e-01  3.70681465e-01  5.56528167e-01  9.35927549e-01
   6.68734436e-01  3.48404025e-02  5.76417265e-01  1.85132387e-01
   8.75254472e-01  7.25193766e-01  3.27115255e-01  8.01854388e-01
   9.56461334e-01  4.88638688e-01  6.86585243e-01 -7.95211743e-01
   5.91035687e-01  9.84221477e-01  9.70675089e-01  6.72386029e-01]
 [ 9.94560533e-03  8.81384829e-01  7.58544103e-02 -7.73810197e-01
   9.28325625e-01  9.67522818e-02  6.65395725e-01  3.75119382e-01
   3.39175382e-01  6.42574325e-01  7.68401183e-01  2.35988446e-01
   9.64459526e-01  6.50427115e-01  5.35272465e-01  3.32004685e-01
   9.56880849e-01  2.87187120e-01  1.36810765e-01  6.56302420e-01]
 [ 5.16168267e-01  7.51630198e-01  1.04703608e-01  1.38132619e+00
   3.27893115e-01  1.14203381e-01  4.84541910e-01  1.95114745e-01
   1.56500559e-01  6.99350434e-01  4.76717166e-01  5.20649503e-01
   4.66687207e-01  4.14409850e-01  3.22955512e-01  8.13579795e-01
   8.81903200e-01  9.16542649e-01  6.73638717e-01  5.62267274e-01]
 [ 5.16424346e-01  6.15798685e-02  3.99285297e-01 -1.51789556e+00
   4.01981310e-01 -1.14099952e+00 -3.35048208e-02  3.85173483e-01
   3.37692954e-02  1.00802497e+00  7.03774093e-01  1.25372398e-01
   9.60289580e-01  6.83841570e-01  5.15608238e-01 -8.01610252e-01
   4.00006050e-01  4.62688912e-02  8.72291276e-01  1.90138982e-01]
 [ 1.45999484e-01  9.46802367e-01  5.37178131e-01  8.74898112e-01
   5.76066566e-01  6.41425222e-01  1.56839191e-01  7.33030445e-01
   1.80775868e-01  4.97312549e-01  7.73375153e-01  8.20190487e-01
   5.91389631e-03  3.78636393e-01  8.60601637e-01  6.68780458e-01
   5.67247505e-01  7.26594731e-01  2.51632629e-01  5.47314643e-01]
 [ 1.87285890e-01  8.75314305e-01  5.61646850e-01  2.41808396e-01
   3.16464057e-01  1.61004072e-01  3.19158388e-01  6.67240411e-02
   8.16785291e-02  8.42359159e-01  5.72280566e-03  5.80058798e-01
   3.73562678e-02  5.74120641e-01  3.26214675e-01  8.69058177e-01
   5.80185911e-02  7.38254337e-01  3.26889958e-01  4.23019257e-01]
 [ 9.16275021e-01  6.65737203e-01  5.87066012e-01 -2.36949689e-02
   7.32798415e-01 -4.32412065e-01  3.21015630e-01  1.75931315e-01
   9.33851430e-01  8.57873710e-01  8.01179586e-01  7.51646757e-01
   2.92280788e-01  4.44100981e-01  4.82017240e-01  2.67064723e-01
   2.76028073e-02  5.12510037e-01  2.18903182e-01  9.21188809e-01]
 [ 8.66276853e-02  4.11382873e-01  8.89011719e-01 -1.39585121e+00
   6.19242895e-01 -3.02306265e-01  7.57112008e-01  9.23740427e-01
   1.64574489e-01  7.47974471e-01  9.25541400e-02  8.36937076e-01
   7.01550820e-01  1.67198115e-02  5.10996198e-01 -1.01910621e+00
   5.41139005e-01  7.73666305e-02  5.26229095e-01  7.45323050e-01]
 [ 2.08875167e-01  3.61227871e-01  5.34067771e-01  4.77421750e-01
   5.15539865e-02  1.06001745e+00  7.56650842e-02  4.14894502e-01
   8.54257553e-01  2.66196137e-01  4.57243071e-01  2.08022052e-01
   1.18981535e-01  5.81392069e-01  6.80941711e-01  5.72751683e-01
   9.15709958e-01  9.99418303e-01  9.62775738e-01  5.70421875e-01]
 [ 6.88101610e-01  9.62175519e-01  9.11681896e-01  5.82225657e-01
   9.84241748e-01  1.60783070e-01  2.87543204e-01  6.84530667e-01
   9.21762193e-03  3.92999762e-01  4.12425422e-01  4.55304995e-01
   8.40320084e-01  5.48870377e-01  1.51938422e-01  8.01831890e-01
   5.14400127e-01  2.36805143e-01  9.29996837e-01  1.85426589e-01]
 [ 5.14454111e-01  1.12359693e-01  4.11977543e-01  1.51818452e+00
   1.32673126e-01  1.92180015e-01  9.88895343e-01  7.50579873e-01
   2.54069269e-01  6.93720206e-01  2.44302763e-02  2.34835430e-01
   6.74465936e-01  1.81348831e-01  3.36789405e-02  1.50099678e-01
   5.48945077e-01  4.64104670e-01  4.94258004e-01  2.45072557e-01]
 [ 1.17764517e-01  4.05691557e-01  9.37371946e-01 -2.31581196e-01
   4.49839977e-01  6.98141105e-01  7.75404512e-02  4.40645948e-01
   6.31697851e-01  3.28322134e-01  9.85352186e-01  6.95599766e-01
   5.08949876e-01  9.71390641e-01  6.73353635e-01 -3.29533269e-01
   8.31426717e-01  3.82900680e-01  9.97280272e-01  2.89425797e-01]
 [ 3.60989023e-01  2.27218008e-01  1.46658496e-01  2.72355621e-01
   8.32944981e-01  1.09944795e+00  7.37811965e-01  8.94899962e-01
   3.17983458e-01  7.34511265e-01  9.02943343e-01  5.30720217e-01
   6.08548621e-01  7.74478365e-01  3.69169190e-01 -9.50316851e-02
   5.75913334e-01  1.75594425e-01  7.76127718e-01  2.88276978e-01]
 [ 7.54606714e-01  7.57041527e-02  5.27852757e-02  1.67104657e-01
   8.40518175e-01  1.09775861e+00  4.98244383e-01  9.62004295e-01
   8.85352277e-01  7.32251501e-01  6.02742921e-01  6.78554633e-01
   7.83554003e-01  4.73316057e-01  2.42884259e-01 -9.69334402e-01
   5.28749590e-01  7.04867099e-01  4.62736465e-01  4.03601951e-01]
 [ 3.17266606e-01  4.51420295e-01  5.57598135e-01 -3.51312134e-01
   7.50616464e-01 -1.06007971e+00  7.07501860e-02  7.36546268e-01
   5.50989955e-01  6.10216457e-01  5.78084629e-01  6.75163815e-01
   4.39553577e-01  9.35502388e-01  4.14097278e-01 -1.79901884e-01
   7.96644255e-01  5.99199983e-01  3.73860171e-01  8.95650092e-01]
 [ 6.37672443e-01  1.05410366e-01  1.63528312e-01  1.08513387e+00
   5.05596284e-01 -1.13528526e+00  2.74883535e-01  3.26914734e-02
   4.67409241e-01  5.76801609e-01  7.24431752e-01  3.21608773e-01
   7.61523454e-01  1.07922493e-01  3.30579198e-01  6.39397387e-01
   5.09945478e-02  1.32684041e-01  1.09655691e-01  3.79424142e-01]]

Biases da Camada Escondida
[-0.06070861  0.68294483  0.76864407 -1.09138297  0.73002421 -0.51889504
  0.5119877   0.65266671  0.26621776  0.726339    0.38295321  0.11419232
  0.35210475  0.29326776  0.58920331 -1.01002334  0.8158496   0.56291397
  0.9740474   0.22696964]


Pesos de entrada da Camada de Saída
[[-1.03595225e-01 -1.12075441e+00 -1.41959394e-01 -1.12038352e+00
  -9.50946036e-01 -8.47983356e-01  4.45864113e-01]
 [ 2.18649239e-01 -9.96966018e-01  4.11154141e-01 -8.23435762e-01
  -7.62412103e-01 -1.97681577e-01 -3.16839609e-02]
 [-1.41197351e-01 -1.88244022e+00 -8.00251469e-02 -9.38693080e-01
  -1.38786223e+00 -3.20864762e-01  5.46633768e-01]
 [ 1.05720845e+01  1.52151856e+01 -2.58327172e+01 -1.26440466e+01
   2.51941724e+01  1.23970295e+00 -1.37524236e+01]
 [-6.69380209e-02 -1.07236401e+00  6.56613587e-02 -6.90846875e-01
  -9.92918322e-01  1.57480640e-01  7.77684393e-02]
 [-2.54416190e+01  1.22987106e+01  5.59971667e+00  2.07933336e+01
  -1.08523183e+01  7.07746439e+00 -1.62163898e+01]
 [ 7.64446901e-02 -1.53986025e+00  4.90509196e-01 -1.27162812e+00
  -9.12275087e-01 -6.89730298e-01  5.92107008e-01]
 [-3.25294353e-01 -1.41775594e+00 -1.71252199e-01 -1.00907640e+00
  -1.35570028e+00 -2.57793528e-01  3.54566012e-01]
 [ 4.40876078e-02 -1.29672872e+00  1.43613323e-01 -9.69744750e-01
  -1.28246531e+00 -3.80743827e-01  6.82154175e-01]
 [-5.43733559e-01 -1.81351891e+00  3.79114650e-01 -8.19350860e-01
  -1.32381856e+00 -5.08469161e-02 -3.01552163e-01]
 [-5.93175149e-01 -1.29559922e+00  5.77604367e-01 -7.74567623e-01
  -1.19339959e+00  8.20538383e-02  5.33286645e-01]
 [-3.86821210e-02 -1.35053162e+00 -1.25746230e-01 -1.27326879e+00
  -1.22279550e+00 -6.37473751e-01  4.99411758e-01]
 [ 2.75115810e-01 -1.46578931e+00  5.57964696e-01 -6.17640535e-01
  -6.81112915e-01 -7.02405040e-01  1.66435036e-01]
 [-5.36343740e-01 -1.94473698e+00 -3.32244395e-01 -1.27269256e+00
  -1.40429457e+00  1.64407982e-01 -1.75041564e-01]
 [ 4.19155783e-01 -1.50252521e+00 -1.40528962e-01 -8.01280938e-01
  -1.17649356e+00 -7.24574888e-02 -2.40111535e-01]
 [-4.02973666e+00  2.56141664e+00 -2.76600468e+00  4.80427723e+00
   1.14181642e+00 -8.97224983e+00  2.11038963e+00]
 [-5.78386976e-01 -1.84243638e+00  1.67001218e-01 -9.46661146e-01
  -1.07861709e+00  7.21243753e-02  1.65512877e-01]
 [ 2.27636066e-02 -1.28991814e+00  2.25298862e-01 -9.71363403e-01
  -5.41637647e-01  2.67618916e-02 -8.45259393e-02]
 [ 3.03281266e-01 -1.17605694e+00 -1.11960726e-01 -1.21192299e+00
  -5.77231634e-01  9.07030739e-03  4.64545838e-01]
 [-4.34571395e-01 -1.38144212e+00 -5.54680711e-02 -5.65695064e-01
  -1.16318492e+00  4.60966404e-02  1.47737269e-01]]

Biases da Camada de Saída
[-0.19545098 -1.68062676  0.09528541 -1.29658999 -1.23774673 -0.56149774
 -0.19347557]


