Pesos de entrada da Camada Escondida
[[7.74100635e-01 1.46418433e-01 1.71188932e-01 7.38431849e-01
  1.43020144e-01 1.90717254e-01 5.20054484e-01 5.78285478e-01
  9.81426441e-01 2.21156293e-01 7.37080152e-01 9.20766371e-01
  4.49300326e-01 6.61946314e-01 3.48675771e-01 9.12426201e-01
  7.89497272e-01 7.92220618e-01 5.03857785e-01 7.79615722e-01]
 [9.20249863e-01 8.63502069e-01 7.41775788e-01 3.25521317e-01
  9.16459720e-01 3.07660804e-01 8.25049259e-01 7.76258992e-01
  5.12208802e-01 2.62294052e-01 6.05374416e-01 6.66185571e-02
  6.19986102e-01 2.18901170e-01 5.97814011e-01 1.11861133e-01
  5.94641869e-01 6.42502236e-01 8.36725732e-01 1.24328473e-01]
 [9.61997427e-01 2.86619458e-01 5.78852833e-01 1.29144432e-01
  6.88610216e-01 8.40793617e-01 6.40931832e-01 7.68535996e-02
  8.46940200e-01 4.14128358e-02 7.88102821e-01 7.73811218e-01
  8.64404446e-01 9.44092551e-01 7.78316285e-01 3.37442495e-01
  8.61590564e-01 8.10874680e-01 4.30129899e-01 2.39710088e-01]
 [9.03226644e-01 6.75742491e-01 4.56287915e-02 6.59364303e-01
  4.93008254e-01 9.11772301e-01 3.20644328e-01 6.57939794e-01
  1.81180605e-01 7.85374634e-01 8.14941756e-01 2.26366836e-01
  7.58465730e-01 5.92215843e-01 2.00036936e-01 2.41783085e-01
  7.98020268e-01 4.92140235e-01 9.82505845e-02 6.96096446e-02]
 [6.60936779e-01 7.72117906e-01 1.17742129e-02 5.28847311e-01
  7.41506694e-01 4.03401597e-01 5.67404671e-01 7.80770533e-01
  8.29071235e-01 8.02542671e-01 4.72291129e-01 9.08839634e-01
  1.76913316e-01 6.34653424e-01 3.74682564e-01 3.54791284e-01
  1.07336442e-01 8.06369318e-01 3.48794620e-01 9.57855139e-01]
 [4.37164862e-02 1.21112378e-01 2.62556228e-01 2.66895704e-01
  5.22172524e-01 6.97780315e-01 6.59567829e-02 1.36229755e-01
  3.75706587e-01 4.06371681e-02 4.86555785e-01 1.02660704e-01
  9.48286156e-01 8.29776935e-01 3.84124403e-01 6.11656455e-01
  3.34020848e-01 8.01404316e-01 6.61081746e-01 7.02674807e-01]
 [6.53788112e-01 7.80260729e-01 3.06539870e-01 1.33574453e-01
  2.96538983e-01 7.76478232e-02 5.14165462e-01 6.34419180e-01
  1.30200805e-01 7.80884999e-01 7.93257331e-01 6.88664172e-01
  8.49127314e-01 5.66177045e-02 3.99126696e-01 7.91151889e-01
  6.71182588e-01 3.54102841e-01 5.42234234e-01 4.37506731e-01]
 [9.24776271e-01 7.55025363e-01 8.09797039e-01 3.44068313e-01
  3.53397660e-01 1.00929924e-01 7.42376924e-01 4.34264544e-01
  7.43913617e-01 9.20491556e-01 8.00532582e-02 4.23651860e-01
  5.09858788e-01 7.03161704e-02 7.27371416e-01 5.72014521e-01
  2.83902647e-02 3.92697702e-01 8.24474855e-02 3.69321359e-02]
 [4.78498402e-01 7.90811619e-01 8.76156116e-01 6.55403378e-01
  7.38573152e-02 7.31948623e-01 3.74470805e-01 3.55876287e-03
  9.75141567e-01 9.37753508e-02 3.62546760e-01 2.70664621e-01
  6.70749940e-01 3.89268616e-01 2.66698393e-01 3.70349993e-01
  8.37731646e-01 7.25371850e-01 6.35252906e-01 1.07636598e-01]
 [8.13993354e-01 7.48455175e-01 1.46385424e-01 9.06485527e-01
  7.07936447e-01 9.34434582e-01 2.04607381e-01 3.35192835e-01
  9.67465430e-01 3.36859207e-01 7.69738613e-01 2.16140848e-01
  7.90748002e-01 9.63417924e-01 1.32315728e-01 6.99272886e-01
  5.14697858e-01 7.18469065e-01 1.67415857e-01 3.51286839e-01]
 [9.23322755e-01 7.03562848e-01 9.13926100e-01 2.42834935e-01
  1.77577837e-01 5.21274912e-01 6.86541937e-01 3.89813443e-01
  9.13416353e-01 5.59893552e-01 5.06573092e-01 3.17244815e-01
  5.47859329e-01 7.27551618e-01 7.42595725e-01 6.11997013e-01
  6.03006722e-01 2.89949195e-01 3.42707225e-01 6.68062291e-01]
 [9.16869511e-01 3.11032020e-01 5.17735322e-02 3.19190831e-01
  2.68810186e-01 9.67154524e-02 8.32945698e-01 4.99684791e-01
  5.67797090e-01 5.26766358e-01 5.11823688e-01 8.19997305e-01
  9.62495987e-01 6.83624130e-01 5.68043464e-01 2.07288646e-01
  3.99283009e-01 6.01660324e-01 6.63575593e-01 6.42443256e-01]
 [9.58502579e-01 2.86140106e-01 9.46503519e-01 8.65455533e-01
  6.34497619e-01 9.21750083e-01 1.00815321e-01 3.55096629e-01
  4.01063784e-01 5.10318482e-01 9.98896688e-01 5.63851559e-01
  6.45644629e-01 9.28709197e-01 7.76977274e-02 8.27542422e-01
  2.92193324e-01 5.17148743e-01 5.19289047e-02 1.37243762e-02]
 [9.75566484e-01 1.23220074e-02 8.45791469e-01 5.26335961e-01
  3.23464232e-01 2.45740460e-01 5.51678177e-01 2.99218715e-01
  5.72096231e-01 8.89226150e-01 3.10487056e-01 9.38143482e-01
  5.14383442e-01 2.10982609e-02 7.42829753e-01 2.61057454e-02
  7.74739787e-01 2.55761337e-01 9.22153737e-01 8.41047344e-01]
 [3.54254698e-01 6.34234710e-01 2.49021617e-01 1.03704559e-01
  9.18763142e-01 6.03674256e-01 6.89302773e-01 5.06053338e-01
  7.81748530e-01 1.87458767e-01 9.37450891e-01 1.91702826e-01
  7.30579097e-01 5.55673439e-01 2.53198490e-01 1.35370952e-01
  9.56080279e-01 9.10825282e-01 3.84322386e-01 2.52852856e-01]
 [1.09725296e-01 4.02829763e-01 7.83743380e-01 9.90499443e-01
  6.10864640e-01 4.57521103e-01 8.18165141e-01 9.17557312e-02
  3.56636804e-02 3.61545834e-01 6.81679983e-01 7.02557358e-01
  6.64435052e-02 7.39235699e-01 3.32937130e-01 1.63456239e-01
  9.12110726e-01 9.53797064e-01 2.65257289e-01 1.03263930e-01]
 [8.04242777e-01 1.79985332e-01 8.89062059e-01 8.03770751e-02
  3.59072743e-01 1.44350756e-01 1.71430224e-01 2.25220878e-01
  4.16111846e-01 4.99468698e-01 6.42593648e-01 1.97823452e-01
  4.33138046e-01 5.49117561e-01 7.41332725e-01 5.19900840e-01
  4.24382983e-01 4.20031629e-01 1.70251548e-01 9.61591595e-01]
 [9.64713899e-01 8.29336201e-02 8.40261322e-01 5.05873360e-02
  3.96503262e-01 8.31001069e-01 9.54031597e-01 2.07818092e-01
  3.71961899e-01 4.58516083e-01 1.53771055e-01 9.58385627e-01
  4.49897210e-03 7.11040066e-01 6.33949948e-01 4.72525055e-01
  7.67396528e-01 3.13837667e-01 2.94719636e-01 7.35803772e-01]
 [8.13316412e-01 1.95826165e-01 2.96283208e-01 3.22744553e-01
  6.47038356e-01 5.82926524e-01 5.73216808e-01 5.15787074e-01
  7.58706034e-01 4.38895022e-01 1.68262410e-01 6.46686538e-01
  7.33668607e-01 8.47517188e-01 2.03948333e-01 2.35862674e-01
  2.35486726e-01 6.11342689e-01 9.24412310e-01 1.93281206e-01]
 [9.49164578e-01 9.32305394e-01 5.73180035e-01 1.28459178e-01
  1.49304592e-01 6.06901337e-01 6.47249226e-01 2.19824800e-01
  3.54057528e-01 3.31743431e-01 2.17704416e-02 7.15098207e-01
  7.97791664e-04 5.91278857e-01 8.57921847e-01 2.37444607e-01
  8.42332731e-01 9.32999695e-01 6.50431997e-01 9.18607474e-01]
 [3.02016627e-01 7.28224893e-01 2.42302882e-01 4.82765635e-02
  4.85648628e-01 5.23928305e-01 8.06660210e-01 6.61478248e-01
  4.41521063e-01 3.17296449e-01 8.86904949e-02 2.69139726e-01
  7.37733103e-01 2.47287140e-01 7.37892827e-03 9.49474484e-01
  2.42160798e-01 7.34828792e-01 7.83465448e-02 9.35547809e-01]
 [7.51083538e-01 8.47361869e-01 4.93788080e-02 2.48033326e-02
  8.24115577e-01 3.49451183e-01 9.25745865e-01 4.40657640e-01
  2.75653764e-01 5.17601403e-01 9.47333473e-01 1.39947276e-01
  1.84030958e-01 5.55819792e-01 5.11493397e-01 9.30019323e-01
  7.32906316e-01 2.74040878e-01 2.50384043e-01 1.56415457e-01]
 [1.41132273e-01 4.10293551e-01 1.53417229e-01 6.15619212e-01
  7.76635370e-01 9.53960679e-02 1.44385746e-01 2.96428095e-01
  8.30429054e-01 7.22778546e-02 7.84245738e-01 9.60874395e-01
  8.21057766e-01 7.11580590e-01 6.00819576e-01 8.72364683e-01
  3.00006477e-02 8.08059487e-01 9.23252981e-02 6.67572300e-01]
 [1.18228015e-01 3.72870297e-01 8.34105121e-01 1.17801648e-01
  5.39124456e-01 2.78595816e-01 6.01379838e-01 9.42825182e-01
  5.80570970e-01 2.34187056e-01 3.01135332e-01 4.80048699e-01
  4.98492254e-01 5.02226782e-01 4.74442316e-01 6.75510408e-01
  1.00668906e-01 9.90389250e-01 3.25071510e-01 1.48960305e-01]
 [8.05058046e-01 9.64890781e-01 4.05518265e-01 4.43189827e-01
  6.58585770e-01 9.05194418e-01 8.55295658e-01 1.94488904e-01
  8.41870153e-01 5.45664619e-02 7.01162588e-01 4.80918912e-01
  8.89024077e-01 7.20884328e-01 5.62674444e-03 5.92621725e-01
  1.72680398e-01 2.54981035e-01 7.20617151e-01 2.13813564e-01]
 [7.83574975e-02 4.31214767e-01 2.66188056e-01 5.44138519e-01
  2.86296393e-01 8.08130893e-01 5.71895143e-02 2.87356768e-01
  3.68140615e-01 4.82652352e-01 3.91033533e-01 4.01675147e-01
  9.92374004e-01 8.22370977e-01 4.65886021e-01 2.28336779e-01
  9.54788645e-01 6.38288030e-01 7.57595398e-01 7.89462247e-01]
 [4.41284252e-01 5.91313720e-01 4.11924742e-02 5.87764428e-02
  6.77254720e-01 6.11080242e-01 4.86610931e-01 7.93716567e-01
  7.11663349e-01 7.09409267e-02 8.31138446e-01 9.95684833e-01
  7.21422988e-01 9.40265504e-01 7.06324775e-01 6.01201519e-01
  6.21544676e-01 3.82158572e-01 3.50499540e-01 3.98505212e-01]
 [7.76347271e-01 8.74102504e-01 1.34372765e-01 4.72404726e-01
  2.41661922e-01 4.19737159e-01 9.02415465e-01 8.01031651e-01
  3.07160011e-01 4.29809484e-01 5.19750013e-01 1.61713744e-01
  6.79004306e-02 2.70232833e-01 5.42420096e-01 9.99717060e-01
  2.77505802e-01 5.43977386e-01 3.17650311e-01 8.18617570e-01]
 [3.49015334e-01 7.49072080e-01 9.60366940e-01 3.94195220e-01
  3.77831933e-01 2.31147865e-01 6.60220116e-01 7.36908910e-01
  2.86339214e-01 6.20290976e-01 7.12630847e-01 1.84004805e-01
  9.80136302e-01 9.53396507e-01 2.52967375e-01 5.18751827e-02
  8.42504614e-01 5.48992839e-01 9.70865168e-01 9.85071337e-01]
 [3.59535237e-01 1.24973391e-01 2.58725313e-01 5.04668443e-01
  8.05542137e-01 5.16491782e-01 4.36541236e-01 8.28689331e-01
  1.60536622e-01 7.46950679e-01 1.82756786e-01 7.17620922e-01
  6.31729669e-01 4.50866486e-01 2.83899912e-01 7.26285649e-01
  1.65277459e-01 9.15410855e-01 5.88336533e-01 6.18378896e-01]
 [3.62268443e-01 4.64237994e-01 6.08458257e-01 6.34667284e-01
  3.21899969e-01 4.30077369e-01 4.72073022e-01 7.59502037e-01
  6.35902013e-01 1.70766767e-01 1.05745339e-01 5.48340154e-01
  9.75808828e-01 2.93578532e-02 4.61482475e-01 2.73640599e-01
  9.27322728e-01 7.24999431e-01 7.08869020e-01 9.82920324e-01]
 [5.27690312e-02 3.47587185e-01 6.63586120e-01 2.79451855e-01
  3.12057750e-01 7.73719256e-01 8.01104669e-01 9.38845356e-01
  5.66987425e-01 7.85646541e-02 3.21982614e-01 3.23719903e-01
  9.47599079e-02 5.63180071e-01 3.27497371e-02 8.69117791e-02
  5.61450168e-01 7.05549921e-01 4.29361432e-01 3.58824622e-01]
 [2.01634046e-01 2.46264693e-02 3.26111367e-01 1.86046651e-01
  8.37458977e-01 3.73123412e-01 5.70714287e-01 3.02294929e-01
  3.90543999e-01 3.31967950e-01 1.20822730e-01 9.69820769e-01
  2.99691097e-01 2.39093548e-01 6.36244895e-01 7.19835131e-01
  8.97917320e-01 4.84829722e-01 5.84289571e-01 6.27096120e-01]
 [3.08361160e-01 8.63995298e-01 7.37283389e-01 4.82431312e-01
  7.19129356e-01 8.11213973e-01 1.90592531e-01 4.19980554e-01
  4.04773399e-01 9.97584164e-01 1.27634497e-01 9.70760449e-01
  7.28046826e-01 8.58455739e-01 2.65601175e-01 4.02051163e-02
  2.93023694e-01 7.85196508e-01 2.20451534e-01 1.85122529e-01]
 [4.11587491e-01 6.95498585e-01 4.00731507e-01 8.43806449e-02
  4.75705349e-02 1.56547133e-01 2.97194076e-01 1.78150419e-01
  7.96618493e-01 6.92006564e-01 5.47630194e-01 8.72007537e-01
  3.37220819e-01 1.26696011e-01 3.10372263e-01 9.14016186e-01
  3.51855230e-01 1.60722515e-01 5.33185674e-01 8.16544997e-01]
 [6.55774411e-02 8.98088207e-01 8.62311168e-01 6.19095085e-01
  8.29032920e-01 1.50698613e-02 6.31859142e-01 8.72067926e-02
  9.68784856e-01 4.85931916e-01 7.16674139e-01 5.99481026e-03
  4.94643478e-02 3.83278871e-01 3.45938293e-01 8.27626063e-01
  9.19667390e-01 2.24695382e-03 8.11505765e-01 5.79582654e-01]
 [6.02079895e-01 1.13512553e-01 2.32280856e-01 8.74830984e-02
  7.72661401e-02 1.02978787e-01 7.95635385e-01 7.51961037e-01
  3.96669756e-01 3.65036071e-01 7.56935403e-01 1.17170337e-01
  6.24599751e-03 9.14419872e-01 9.12566039e-01 8.54204233e-01
  7.54332008e-01 3.16505277e-01 1.63140781e-01 6.75788753e-01]
 [8.31707254e-01 4.72984344e-04 7.11382404e-01 9.83408258e-01
  1.83024048e-01 9.47560315e-02 5.47940968e-01 9.17672913e-01
  1.57592838e-01 7.37509830e-01 7.49959236e-01 9.58143545e-01
  5.52460492e-01 5.90539154e-01 9.45622916e-01 2.11039284e-01
  8.00709826e-01 6.37061616e-01 4.93845530e-01 2.69773757e-01]
 [3.85163923e-01 2.72799001e-01 4.47866443e-01 4.45734619e-01
  3.56508665e-01 1.59663958e-01 8.84874497e-01 5.03904440e-01
  7.58576421e-01 2.04865396e-01 9.31941999e-01 2.10796560e-01
  6.00687634e-02 5.82075278e-01 3.54057546e-01 7.38875242e-01
  1.75780750e-02 7.89121262e-01 1.61857173e-01 7.44518663e-02]
 [8.23649988e-01 8.26791383e-01 8.63197784e-02 2.56763178e-01
  5.16558313e-01 2.91319880e-01 9.13060448e-01 9.23194117e-01
  9.92668306e-01 3.01852356e-02 6.33049602e-01 3.20486899e-01
  3.48833747e-01 8.41596231e-01 7.73850677e-01 7.92750112e-01
  5.14797148e-01 7.97220421e-01 6.44060063e-01 1.89244361e-02]
 [4.03069854e-01 8.03287360e-01 6.98011028e-01 1.02630290e-04
  5.08020754e-01 3.88192883e-01 9.50198166e-01 9.36843055e-01
  2.97386732e-01 9.04663763e-02 9.14286854e-01 8.12063262e-01
  3.86603778e-02 9.27267875e-01 9.46620135e-01 8.57270771e-01
  3.27121561e-01 3.70024682e-01 8.98996743e-01 6.05034712e-01]
 [3.50270721e-01 7.72998452e-01 8.25930062e-01 8.31758027e-01
  4.06064357e-01 4.20696806e-01 8.21347328e-01 8.52741521e-01
  1.80260455e-01 9.59135868e-01 6.08316998e-01 2.85749871e-01
  9.31624231e-01 7.39522290e-01 3.24453973e-01 5.31581961e-01
  8.47253693e-01 8.36310392e-01 1.07480856e-01 2.87171741e-01]
 [3.81091146e-01 4.62452850e-01 8.18663813e-01 3.68447172e-01
  2.30316783e-01 3.00373281e-01 8.82796668e-01 8.09299752e-01
  6.49166687e-01 2.19921153e-01 1.45982774e-01 9.93202195e-01
  4.25783070e-01 9.69724035e-01 9.95136057e-01 2.17051969e-01
  5.85480781e-01 3.87300866e-01 7.38247155e-01 8.20065816e-01]
 [4.41641646e-01 3.12650544e-01 5.65570546e-01 9.91301299e-01
  5.85954491e-02 5.77362523e-01 7.84505401e-01 7.21144935e-01
  3.67317559e-01 4.11659587e-01 7.94100451e-02 7.23782386e-03
  5.49841015e-01 1.82893413e-01 3.66372096e-01 3.49698141e-02
  8.34072837e-01 3.47770958e-01 8.21065807e-01 4.69544895e-01]
 [9.38669787e-01 9.02022851e-01 6.74428795e-01 2.55933762e-01
  3.22351987e-01 9.91983923e-02 7.32779764e-01 7.96170951e-01
  5.80110653e-01 8.91810375e-01 5.84793624e-01 6.65896443e-01
  2.69615993e-01 3.32701955e-01 1.66775697e-01 5.68129765e-01
  2.11775519e-01 8.90473872e-01 7.61981366e-01 9.57806488e-01]
 [1.17401571e-01 6.85998364e-01 9.08403619e-01 3.77233209e-01
  1.88622756e-01 6.13206119e-01 9.63334120e-01 1.22799500e-01
  5.12866626e-01 9.87589479e-01 4.29776057e-01 8.04409840e-01
  3.72797036e-01 4.96285217e-01 7.32996021e-01 5.94031989e-01
  2.74438682e-01 5.54564029e-02 8.44406447e-01 2.25512138e-01]
 [4.34594101e-01 1.22603929e-01 5.36611022e-02 1.76587727e-01
  9.03550910e-01 2.14998467e-01 2.37826137e-01 6.07870922e-01
  6.57788375e-01 5.31950556e-01 5.68379522e-01 4.75138458e-01
  1.50254217e-01 6.78855829e-01 6.94854942e-02 5.33718624e-01
  9.86755567e-01 3.32773008e-01 7.36898356e-01 4.32870963e-01]
 [7.52601377e-01 3.77861145e-01 5.44475048e-01 6.99473479e-01
  6.57048442e-01 1.54221736e-01 6.46926570e-01 1.80385605e-01
  8.84347912e-01 7.01512888e-01 3.46920423e-01 8.09636660e-01
  9.70286542e-01 4.76008597e-01 6.60181377e-01 4.68180655e-01
  5.69553626e-01 9.72197660e-01 9.69639987e-01 5.91487458e-01]
 [1.29483679e-02 8.80348905e-01 7.57700540e-02 7.93127516e-02
  9.28604873e-01 5.20857255e-01 6.63131028e-01 3.75915225e-01
  3.39221691e-01 6.37420016e-01 7.67758727e-01 2.37295114e-01
  9.63906288e-01 6.50496706e-01 5.46718044e-01 1.39373502e-01
  9.56619616e-01 2.83692339e-01 1.39970529e-01 6.61847611e-01]
 [5.13331766e-01 7.54366364e-01 1.04058808e-01 6.04926148e-01
  3.28368873e-01 4.65454369e-02 4.84137949e-01 1.92421091e-01
  1.52649393e-01 7.00292269e-01 4.74285662e-01 5.19968408e-01
  4.68531929e-01 4.14269712e-01 3.28209626e-01 7.74966653e-01
  8.81325583e-01 9.17719445e-01 6.73632959e-01 5.60912196e-01]
 [6.34881648e-01 7.05110795e-02 3.87786440e-01 3.54331689e-01
  3.91290409e-01 5.38420499e-02 2.81098499e-02 3.82396424e-01
  4.23105917e-02 9.76488876e-01 7.22458647e-01 1.35612449e-01
  9.72915925e-01 6.71255674e-01 5.05813889e-01 3.15559034e-01
  3.78192139e-01 2.98735119e-02 8.74238187e-01 1.17792451e-01]
 [1.45999484e-01 9.46802367e-01 5.37178131e-01 8.74898112e-01
  5.76066566e-01 6.41425222e-01 1.56839191e-01 7.33030445e-01
  1.80775868e-01 4.97312549e-01 7.73375153e-01 8.20190487e-01
  5.91389631e-03 3.78636393e-01 8.60601637e-01 6.68780458e-01
  5.67247505e-01 7.26594731e-01 2.51632629e-01 5.47314643e-01]
 [1.87285890e-01 8.75314305e-01 5.61646850e-01 2.41808396e-01
  3.16464057e-01 1.61004072e-01 3.19158388e-01 6.67240411e-02
  8.16785291e-02 8.42359159e-01 5.72280566e-03 5.80058798e-01
  3.73562678e-02 5.74120641e-01 3.26214675e-01 8.69058177e-01
  5.80185911e-02 7.38254337e-01 3.26889958e-01 4.23019257e-01]
 [9.13378059e-01 6.68435027e-01 5.85810075e-01 2.98231847e-01
  7.33265248e-01 2.28314879e-01 3.20592628e-01 1.73204419e-01
  9.29630923e-01 8.58660518e-01 7.98690880e-01 7.49978307e-01
  2.94143645e-01 4.43811392e-01 4.85626811e-01 2.59816888e-01
  2.70234770e-02 5.13547144e-01 2.18563745e-01 9.20142596e-01]
 [2.03137372e-01 4.22449559e-01 8.76682976e-01 1.70851305e-01
  6.07892825e-01 8.54761294e-01 8.25294501e-01 9.19685466e-01
  1.73298592e-01 7.19564536e-01 1.11578686e-01 8.45899961e-01
  7.14839724e-01 4.10665416e-03 4.96759301e-01 4.47937030e-02
  5.19378888e-01 6.18916898e-02 5.28342182e-01 6.69646374e-01]
 [2.10842326e-01 3.59103369e-01 5.34850695e-01 8.06465172e-01
  5.22118514e-02 7.04747767e-01 6.91101014e-02 4.16176654e-01
  8.54219110e-01 2.63047676e-01 4.56908097e-01 2.10022184e-01
  1.18305319e-01 5.81485234e-01 6.85106428e-01 6.05094064e-01
  9.15657441e-01 9.98683681e-01 9.62961324e-01 5.73167666e-01]
 [6.85012909e-01 9.65132204e-01 9.10932945e-01 5.82978814e-01
  9.84718638e-01 7.53866054e-01 2.87118432e-01 6.81763913e-01
  5.03924741e-03 3.94942505e-01 4.10336178e-01 4.54801499e-01
  8.42122704e-01 5.48766782e-01 1.58104456e-01 7.90769904e-01
  5.13833422e-01 2.38103612e-01 9.30474792e-01 1.84343887e-01]
 [5.14241613e-01 9.57216748e-02 4.11950852e-01 9.21405771e-01
  1.31014304e-01 3.89638254e-01 9.88623623e-01 7.50683430e-01
  2.47665807e-01 6.95575553e-01 5.94760468e-02 2.34116005e-01
  6.71838265e-01 1.82226939e-01 2.83130698e-02 2.74127194e-01
  5.49308613e-01 4.64119694e-01 4.94696805e-01 2.46650419e-01]
 [2.36303038e-01 4.31557988e-01 9.27017906e-01 8.17924284e-01
  4.40826880e-01 8.99495589e-01 1.39444113e-01 4.37758717e-01
  6.47054083e-01 2.96241651e-01 9.69447633e-01 7.08711550e-01
  5.24125521e-01 9.58262082e-01 6.73126161e-01 6.28429044e-01
  8.09263607e-01 3.66891328e-01 9.99939455e-01 2.15156052e-01]
 [4.79785849e-01 2.53180282e-01 1.36528183e-01 6.79319649e-02
  8.23961601e-01 2.78179896e-01 7.99808714e-01 8.92113545e-01
  3.34110795e-01 7.01619546e-01 8.86713121e-01 5.44211452e-01
  6.23755154e-01 7.61384432e-01 3.68516729e-01 6.50063630e-01
  5.53741478e-01 1.59548588e-01 7.78859490e-01 2.12962161e-01]
 [8.73399393e-01 9.67097552e-02 4.25950372e-02 3.47135394e-01
  8.31454878e-01 6.63700630e-01 5.60213394e-01 9.59223885e-01
  9.01158601e-01 6.99732937e-01 5.86990547e-01 6.91881228e-01
  7.98711507e-01 4.60239241e-01 2.41925982e-01 4.72239567e-02
  5.06602913e-01 6.88813859e-01 4.65410691e-01 3.29660109e-01]
 [3.16098657e-01 4.35028264e-01 5.57025816e-01 1.56136609e-01
  7.50052795e-01 1.97761094e-01 6.34153659e-02 7.35173116e-01
  5.39739281e-01 6.09542778e-01 6.10285111e-01 6.73496055e-01
  4.38137418e-01 9.36046999e-01 4.16296593e-01 1.75463010e-01
  7.96372501e-01 5.99246488e-01 3.73237055e-01 9.00284580e-01]
 [6.37468114e-01 1.05463841e-01 1.64186027e-01 4.49470436e-01
  5.05615035e-01 2.71157733e-01 2.74805535e-01 3.26444512e-02
  4.66916959e-01 5.78022530e-01 7.24820072e-01 3.21636095e-01
  7.61486490e-01 1.07992156e-01 3.33790728e-01 8.04907562e-01
  5.10041881e-02 1.32664662e-01 1.09559114e-01 3.81043680e-01]]

Biases da Camada Escondida
[0.05491219 0.6946122  0.75650041 0.00444424 0.71980907 0.60828859
 0.57319841 0.64719599 0.27090789 0.69574473 0.39920626 0.12375128
 0.36657582 0.28054173 0.58466307 0.06853281 0.79345807 0.54769538
 0.97598855 0.15326803]


Pesos de entrada da Camada de Saída
[[0.48667639 0.79295996 0.28280911 0.21837172 0.4643967  0.15078966
  0.75592766]
 [0.84718418 0.89570078 0.79277553 0.49482405 0.60356239 0.82266673
  0.26467844]
 [0.44121757 0.05717009 0.34653395 0.433455   0.04622392 0.52829183
  0.8595065 ]
 [0.37681009 0.20745224 0.34980717 0.50252696 0.58306802 0.76153317
  0.61403012]
 [0.55894929 0.87501042 0.47272832 0.69093022 0.43512414 0.98479897
  0.39310094]
 [0.76240462 0.3624698  0.49885949 0.99888294 0.62544216 0.95641448
  0.05082944]
 [0.65013839 0.38279832 0.90131051 0.08032023 0.51099697 0.27568695
  0.90029027]
 [0.26428507 0.53511814 0.24973347 0.37735737 0.08950839 0.556825
  0.67872113]
 [0.62753049 0.60112041 0.52741103 0.3568728  0.10213886 0.62720562
  0.97922224]
 [0.0425568  0.13216569 0.79614051 0.55912835 0.11410219 0.78140377
  0.01818741]
 [0.07062936 0.6464618  0.9758276  0.60128491 0.21274289 0.92480284
  0.84187502]
 [0.55065567 0.58906139 0.35605245 0.09180171 0.21086097 0.17799102
  0.81095858]
 [0.87759583 0.49133902 0.96935849 0.77520696 0.76539194 0.10347983
  0.49211379]
 [0.06726698 0.01439744 0.08051762 0.12305495 0.04493037 0.96266719
  0.14745879]
 [0.99012427 0.41600027 0.33998736 0.55104944 0.24350427 0.78911148
  0.06621327]
 [0.25365393 0.8936307  0.86262718 0.88426989 0.25674438 0.98474604
  0.31523199]
 [0.01059683 0.11034247 0.57329782 0.44147296 0.36615921 0.8954175
  0.48633675]
 [0.61667915 0.63948628 0.65405866 0.38525467 0.87464269 0.90075852
  0.22111099]
 [0.89819388 0.78308548 0.30776608 0.18396909 0.87460779 0.80526447
  0.78829921]
 [0.10197891 0.4994847  0.37913703 0.73508785 0.2035083  0.99161574
  0.42773804]]

Biases da Camada de Saída
[0.4024469  0.28421939 0.50880433 0.10542415 0.21972262 0.22372532
 0.1315621 ]


