Pesos de entrada da Camada Escondida
[[ 0.68953139  0.28970886  0.67903646  0.85133012  0.60190864  0.34828651
   0.00677061  0.70289394  0.94957053  0.80249605  0.07629583  0.5322258
   0.96745705  0.17220264  0.79359692]
 [ 0.48332223  0.45255081  0.68806507  0.0629157   0.60921009  0.0132973
   0.41127491  0.32727139  1.26544814  0.08691991  0.68130434  0.09976239
   0.12795473  0.26722315  0.09901103]
 [ 0.17994605  0.30590871  0.78495153  0.75719349  0.24590984  0.92529619
   0.37045859  0.86154951  1.32781315 -0.29713172  0.1893899   0.50167282
   0.12960404  0.71723049  0.28611542]
 [ 0.9895593   0.4232483   0.28954931  0.48949862  1.00204058  0.83718216
   0.24337551  0.12287344 -0.3272196  -0.43434583  0.08455993  0.93409071
   0.15660922  0.40911086  0.64776128]
 [ 0.3460418   0.84481473  0.74762279  0.78670715  0.54862464  0.7360975
   0.45328849  0.51231909  0.25886655 -0.24633718  0.90984512  0.59944184
   0.83173909  0.2533339   0.09245742]
 [ 0.53310075  0.95755732  0.72617743  0.08835732  0.25497614  0.77664552
   0.59262706  0.20119846 -0.36526873  0.36632903  0.6886381   0.94384793
   0.69182654  0.23017428  0.89205907]
 [ 0.95594275  0.53627679  0.68234295  0.09289454  0.29818479  0.09043843
   0.28041933  0.37035753 -0.00243098  0.66141828  0.40526804  0.49739566
   0.95084466  0.49451043  0.29603952]
 [ 0.22132911  0.73480052  0.30902768  0.86925899  0.48421391  0.81037753
   0.86514647  0.42495791  0.75786903  0.79662482  0.61429673  0.61145762
   0.5883301   0.84203142  0.2326421 ]
 [ 0.02844061  0.40216072  0.26578133  0.93699773  0.29600713  0.44288925
   0.17169096  0.22202407  0.57147182 -0.75727368  0.01670461  0.55111741
   0.31356192  0.801702    0.99666717]
 [ 0.10305206  0.42222759  0.58660192  0.35162808  0.57973367  0.5613251
   0.7126611   0.35889489  0.55829891  0.04296505  0.74960554  0.56166472
   0.35915001  0.2503896   0.27301699]
 [ 0.81579256  0.48586091  0.46793162  0.78183553  0.98537462  0.09206475
   0.10275641  1.00400722 -0.98551755  0.19287179  0.38509599  0.60657541
   0.86923584  0.9550789   0.58707333]
 [ 0.38076624  0.97776956  0.76170796  0.30213496  0.33354829  0.27254199
   0.59586365  0.11842146  0.60780161  1.20525888  0.60778982  0.89298073
   0.56128504  0.25063313  0.81124776]
 [ 0.27175143  0.03275473  0.2455618   0.5351967   0.22750715  0.96781296
   0.7626635   0.77742256 -0.64747993 -0.0079162   0.72655612  0.87238172
   0.36551411  0.7929885   0.81284887]
 [ 0.92472787  0.28048219  0.5649175   0.45252244  0.85262568  0.43108349
   0.25037853  0.73702234  0.00711057 -0.46443229  0.75009908  0.07483585
   0.5344219   0.49189415  0.1843908 ]
 [ 0.19146629  0.60734451  0.39250411  0.7520785   0.3353608   0.08102366
   0.80634473  0.76090231  0.53618554 -0.5724063   0.09046404  0.62885858
   0.52738038  0.95849218  0.93088297]
 [ 0.65928098  0.07085037  0.7364619   0.76781804  0.20559591  0.8710959
   0.5933004   0.15242625  0.95102442  0.16036218  0.40797809  0.76081976
   0.86141531  0.13904067  0.83248098]
 [ 0.71104296  0.64437052  0.05520742  0.35993991  0.19747185  0.27000985
   0.48508927  0.64742201  0.03090165  0.57179895  0.75056832  0.39517462
   0.01849659  0.70016164  0.71962376]
 [ 0.93607409  0.94365914  0.01179135  0.38857869  0.79571809  0.85870238
   0.32372327  0.66123789 -0.64271844  0.89754249  0.65643684  0.03558988
   0.03918003  0.96025777  0.54528358]
 [ 0.338986    0.82025572  0.82131607  0.74387107  0.88338764  0.65067572
   0.80827824  0.7319946  -0.16014422  0.82563046  0.50897579  0.94147245
   0.68064567  0.55115781  0.77439466]
 [ 0.71356594  0.33487085  0.41213882  0.65944266  0.54676848  0.89088898
   0.68844972  0.67636047 -0.88919799  0.5259221   0.48221831  0.26619253
   0.46537046  0.58620782  0.55614875]
 [ 0.82099477  0.6192527   0.69308571  0.69565295  0.12024925  0.41948613
   0.38878288  0.47676219  0.59439283  1.03950971  0.20515982  0.81429424
   0.47360981  0.77941454  0.1592832 ]
 [ 0.04180446  0.19416331  0.64854647  0.78132586  0.40416579  0.7677697
   0.38449542  0.59256995 -0.11234278 -0.64095187  0.87394009  0.30510256
   0.30354845  0.38945551  0.58764425]
 [ 0.41912622  0.60298374  0.44876953  0.40982037  0.22039202  0.76834842
   0.45583218  0.40623816  1.17258801  0.71648599  0.43596177  0.83210727
   0.53133724  0.15272125  0.68431899]
 [ 0.8450334   0.97310266  0.78222044  0.56425901  0.40989983  0.44994072
   0.17999078  0.08053322 -0.36132658  0.80373614  0.34494941  0.46836163
   0.65702738  0.61475227  0.76611221]
 [ 0.17867436  0.11137245  0.57351281  0.14185148  0.54534698  0.05689937
   0.73868559  0.36069677  0.42797012  0.59685932  0.48103517  0.87545379
   0.07972997  0.8198457   0.51621321]
 [ 0.59947008  0.55887032  0.26813581  0.30986188  0.56955876  0.71350808
   0.85223642  0.90782169 -0.76477514  0.39847035  0.08498821  0.02167162
   0.86287992  0.43816224  0.7573026 ]
 [ 0.5180215   0.89812934  0.20590181  0.69341528  0.92264844  0.30487416
   0.17890068  0.19709836 -0.18094198  1.23201401  0.2870745   0.47267259
   0.67163646  0.02657302  0.4529413 ]
 [ 0.86694758  0.8951785   0.84792233  0.77636636  0.5238318   0.24511058
   0.86974745  0.48842537  1.23306257  1.11651483  0.50612186  0.77243389
   0.57183044  0.46296378  0.93160554]
 [ 0.86542889  0.78609851  0.42358988  0.50104647  0.33512858  0.06052038
   0.81904663  0.91420846  0.652769   -0.45669784  0.45847789  0.70386455
   0.79084428  0.01261435  0.66572948]
 [ 0.47415915  0.76498291  0.19203698  0.51979257  0.60500557  1.00104765
   0.03518135  0.63085595 -0.17786848  0.00426651  0.24728991  0.76445767
   0.5043811   0.06857369  0.64377562]
 [ 0.08576653  0.20848729  0.73195325  0.45049339  0.54268191  0.49830377
   0.17418006  0.10548845 -0.53317803  1.25363024  0.24080573  0.39602319
   0.61899963  0.83912399  0.1599206 ]
 [ 0.25998188  0.66268     0.93677184  0.50348649  0.26680632  0.89017652
   0.68602087  0.77716303 -0.24740096  0.46067635  0.40015651  0.75868428
   0.8719688   0.99696719  0.83818953]
 [ 0.38149472  0.12225635  0.9439703   0.63760316  0.19544161  0.92309902
   0.4103885   0.11803787 -0.18247892  0.07259933  0.94459352  0.32955579
   0.97864577  0.14212727  0.47743817]
 [ 0.87636758  0.28584266  0.65930453  0.36967824  0.55548346  0.68894158
   0.28613153  0.26181723 -1.28202506  0.91673355  0.87673129  0.27169446
   0.80605696  0.60953171  0.13036793]
 [ 0.96433461  0.81828314  0.71937008  0.18912528  0.58841951  0.66346444
   0.6067804   0.31670938  1.08195897  0.76661395  0.23787538  0.12016202
   0.94609807  0.49493177  0.33340855]
 [ 0.27206201  0.80837788  0.27901232  0.16857493  0.69373461  0.78937878
   0.83247121  0.96677774  0.52659634 -0.19636898  0.14851592  0.57829616
   0.15888545  0.33198216  0.26318193]
 [ 0.26504387  0.52172751  0.82387484  0.22181505  0.58182772  0.25640111
   0.27217528  0.78510872 -0.19459209  0.22583136  0.71457264  0.40640119
   0.66946522  0.85290007  0.92366776]
 [ 0.95847699  0.09066284  0.91075944  0.7653565   0.87147698  0.35201543
   0.47293236  0.4311571  -0.49342486  0.89002778  0.67148125  0.93834857
   0.14539051  0.50351085  0.28965191]
 [ 0.91472749  0.05311883  0.31683886  0.31618572  0.70864076  0.04223012
   0.58668082  0.11405296 -0.69240428  0.38863703  0.39068685  0.44611855
   0.81267665  0.49334869  0.13857702]
 [ 0.92320653  0.16237715  0.79921735  0.78799091  0.75859821  0.31339704
   0.72386879  0.11394275 -0.08564961  0.67158255  0.09976682  0.16245498
   0.55828758  0.53778224  0.31118155]
 [ 0.40782349  0.77993402  0.07271266  0.62991132  0.84090842  0.69744697
   0.67851412 -0.09706618 -1.15592308  0.56194618  0.90348567  0.87919622
   0.80918762  0.76266346  0.27052306]
 [ 0.09324071  0.59444933  0.92175086  0.59912781  0.02660953  0.12101312
   0.39042813  0.42967758  1.05782263  0.88182352  0.87392427  0.71636436
   0.2661962   0.52735185  0.04141635]
 [ 0.7210931   0.637401    0.61943442  0.71635675  0.37713845  0.46810783
   0.4898901   0.23890135 -0.46954207 -0.03111171  0.35569004  0.13561259
   0.19133564  0.7377651   0.01084099]
 [ 0.44927093  0.78481215  1.00229923  0.39005739  0.71853479  0.7815581
   0.96179321  0.76321732  0.24107907  0.42355198  0.10036195  0.74965279
   0.61817494  0.42673098  0.31981301]
 [ 0.91820586  0.14808351  0.02773105  0.20170829  0.78535865  0.83712692
   0.02010663  0.43731565 -0.20914306  0.52593821  0.42393117  0.62113857
   0.0659144   0.40349965  0.89049084]
 [ 0.06022595  0.73691106  0.44067074  0.23226776  0.27264229  0.60918195
   0.36901612  0.79848693  0.12015074  1.33500741  0.70599054  0.73846382
   0.91717616  0.48617331  0.88789229]
 [ 0.98858614  0.35072276  0.9895404   0.83037924  0.84978287  0.90867183
   0.13506806  0.2998051   0.38483688  2.18974667  0.82480754  0.71881602
   0.97005921  0.00815211  0.9349508 ]
 [ 0.81794216  0.01425177  0.71339133 -0.01517732  0.50219184  0.76381778
   0.38279076  0.58032065 -0.78094796  0.66614603  0.48663379  0.17348668
   0.79487932  0.98002631  0.68687187]
 [ 0.56863297  0.76362442  0.21198716  0.65878303  0.57122658  0.77120339
   0.69888987  0.3906745   0.21989255  0.56668244  0.70431694  0.327207
   0.95712171  0.03473005  0.98883072]
 [ 0.03310075  0.90591284  0.63806632  0.25938206  0.03246496  0.9925589
   0.24090364  0.65946001 -0.27468151  0.8359485   0.49109764  0.52153887
   0.10910342  0.02014169  0.26705503]
 [ 0.22787409  0.68707061  0.58671927  0.49431555  0.45053466  0.28612148
   0.22572567 -0.02612377 -1.06043523 -1.03503194  0.0298343   0.32212833
   0.29618568  0.09532078  0.91199224]
 [ 0.93898958  0.02383262  0.36309627  0.53990162  0.32849079  0.82139151
   0.58858187  0.82701659  0.91032524  0.68976432  0.0596632   0.64992312
   0.67894562  0.65953743  0.7004105 ]
 [ 0.78411516  0.83886482  0.56228202  0.42490105  0.84440874  0.54428143
   0.41857392  0.54906685  0.81191358  0.21376244  0.02181242  0.58791193
   0.49536811  0.48549439  0.63703989]
 [ 0.44830093  0.73990109  0.2994179   0.68541697  0.81303111  0.17615517
   0.24136257  0.72183083  0.16030436  0.8565427   0.60400412  0.569674
   0.77709988  0.96774996  0.42213383]
 [ 0.89307722  0.53311104  0.58851688  0.2792855   0.79819344  0.36901827
   0.31730584  0.59730724 -0.98001947  0.42574292  0.91386059  0.27503122
   0.17136619  0.42809689  0.95415011]
 [ 0.54255094  0.55948173  0.15609163  0.90164618  0.37119111  0.85429238
   0.03882151  0.83178487  0.01098806 -0.44669035  0.77534646  0.98275225
   0.3139727   0.28476024  0.93871707]
 [ 0.42610398  0.08161923  0.30656202  0.72605301  0.27936684  0.14928344
   0.37051497  0.69093634  0.47041441  0.40136474  0.42512574  0.34771085
   0.17680715  0.13273033  0.84592463]
 [ 0.29381493  0.93859356  0.92744972  0.46034286  0.92882558  0.44041166
   0.77971627  0.23730316  0.09614326 -0.06218884  0.8187559   0.31897632
   0.87018871  0.47720794  0.18545611]
 [ 0.17371165  0.05633552  0.69144057  0.11936162  0.64531169  0.50296409
   0.48552078 -0.02108433 -0.49691173 -0.53536102  0.83684601  0.12195426
   0.07271854  0.90255022  0.70724698]
 [ 0.84863035  0.09502926  0.0791276   0.50446747  0.10720079  0.29782314
   0.10809253  0.44724772 -0.32038379 -1.96843339  0.33684186  0.81920979
   0.32326052  0.96420162  0.26088059]
 [ 0.1346314   1.00954964  0.22633099  0.46595712  0.68674687  0.10290615
   0.74566718  0.56949075 -0.06854424 -2.33979953  0.50580236  0.99984951
   0.74020117  0.09838717  0.42035503]
 [ 0.11910304  0.4517918   0.97815778  0.54467245  0.16048854  0.93464754
   0.62974234  0.38537012 -0.46270511  0.7439124   0.22255914  0.42089977
   0.83612865  0.4160975   0.46724039]
 [ 0.26086494  0.51023653  0.42786102  0.51356951  0.09797602  0.35233181
   0.08435034  0.34475896 -0.64844862 -0.99577017  0.22406767  0.22213621
   0.44506041  0.11707744  0.07758262]]

Biases da Camada Escondida
[ 0.55978736  0.92949496  1.0169204  -0.06421762  0.21094079  0.06871704
  0.33144466 -0.01694185 -1.00570809 -0.49267293  0.09684148  0.84133254
  0.32380672  0.69180443  0.42671775]


Pesos de entrada da Camada de Saída
[[-7.49096169e-01 -1.28812174e+00  4.59806219e-01 -1.02494593e+00
   2.79997203e-02  2.21616855e-01 -1.61418376e+00]
 [-1.55958973e-01 -1.04484167e+00  4.98718520e-01 -1.15701400e+00
  -5.29481784e-01  3.48515268e-01 -1.90408374e+00]
 [-6.37348742e-01 -1.47547090e+00 -9.92019666e-02 -8.68927673e-01
  -3.35545839e-01  1.89931374e-01 -1.52937246e+00]
 [-4.79818449e-01 -1.35864272e+00 -6.59464053e-02 -9.90101557e-01
  -5.50412217e-01 -4.84064062e-01 -1.19534528e+00]
 [-3.04987383e-01 -1.50628861e+00  5.71164534e-01 -8.86401723e-01
  -1.51251038e-01  5.02627257e-01 -1.87580132e+00]
 [-6.13632542e-01 -1.69792051e+00  2.68295515e-01 -1.05385421e+00
  -5.78420150e-01  3.47258102e-01 -1.13852967e+00]
 [-8.18161859e-01 -1.09937087e+00  3.16642328e-01 -1.24926229e+00
   5.65178688e-02  9.62446507e-02 -1.86576604e+00]
 [-1.61413310e-02 -1.52517660e+00  8.23042526e-01 -7.17278665e-01
  -3.77778466e-01 -3.26010172e-01 -1.79212369e+00]
 [-9.60487453e+00  1.44272673e+01 -3.51102561e+00  1.54756265e+01
   6.93962455e+00 -1.39921604e+01  4.89112214e+00]
 [ 7.57946791e+00  8.78206994e+00 -2.14472838e+01 -4.94636011e+00
  -1.21864612e+01 -5.37070675e+00  2.01152129e+01]
 [-6.03711920e-01 -1.41670237e+00 -9.69618096e-02 -5.92435016e-01
   2.17444050e-02  2.33684762e-01 -1.29878034e+00]
 [ 2.70262185e-02 -1.64359953e+00  3.27068491e-01 -8.72688678e-01
  -4.01039268e-01  5.29838329e-01 -1.31697795e+00]
 [-3.30791243e-02 -1.26495504e+00 -1.42073710e-01 -9.55880149e-01
  -1.89527077e-01  6.03060807e-01 -1.38605884e+00]
 [-1.17218362e-01 -1.13572670e+00 -2.49487256e-01 -7.33986659e-01
  -1.56072178e-01 -1.31630357e-01 -1.26873007e+00]
 [ 1.17245852e-01 -1.18399437e+00 -1.48949568e-01 -1.05337815e+00
  -2.91088205e-01  5.65320971e-02 -1.94164806e+00]]

Biases da Camada de Saída
[-0.36049303 -1.79372172 -0.06745279 -0.66539922 -0.21238786  0.52836839
 -1.60217052]


