Pesos de entrada da Camada Escondida
[[0.42706501 0.53894104]
 [0.0464108  0.90516048]
 [0.12072842 0.05828266]
 [0.24155345 0.65780297]
 [0.23771727 0.76505689]
 [0.22178441 0.60463074]
 [0.50200893 0.51299335]
 [0.89559344 0.88441617]
 [0.83208921 0.22075191]
 [0.69514443 0.64436787]
 [0.03713577 0.09628583]
 [0.13935255 0.10558346]
 [0.58185226 0.36675261]
 [0.23750926 0.74484465]
 [0.63089217 0.68812054]
 [0.9926372  0.08037224]
 [0.07043954 0.9733549 ]
 [0.82966883 0.60717275]
 [0.59838839 0.88560411]
 [0.55328538 0.40757338]
 [0.27176879 0.73225492]
 [0.55154011 0.40499881]
 [0.07121312 0.43099719]
 [0.21031557 0.31581289]
 [0.49896918 0.94718605]
 [0.68393934 0.56390058]
 [0.1562409  0.49550807]
 [0.93241668 0.6110986 ]
 [0.44932316 0.01703704]
 [0.6232927  0.50012323]
 [0.52618875 0.66314119]
 [0.44216013 0.4640718 ]
 [0.48059592 0.38435269]
 [0.05272381 0.32628757]
 [0.56927548 0.45149323]
 [0.7498303  0.94019089]
 [0.76979923 0.83794762]
 [0.20130185 0.34296485]
 [0.87599575 0.88646562]
 [0.09993628 0.06947823]
 [0.12003636 0.30951361]
 [0.19089202 0.86310155]
 [0.83626236 0.71219483]
 [0.43592139 0.17629577]
 [0.83099991 0.50604859]
 [0.32900395 0.18168768]
 [0.82347219 0.74908353]
 [0.4469899  0.30718633]
 [0.54203936 0.24336332]
 [0.72628677 0.56705943]
 [0.89083834 0.30767482]
 [0.44087491 0.63618666]
 [0.53532668 0.18326996]
 [0.94388522 0.05851924]
 [0.75580885 0.43233588]
 [0.04618841 0.90519417]
 [0.46410082 0.53078555]
 [0.6180075  0.67463826]
 [0.15929107 0.94869478]
 [0.92853558 0.6306239 ]
 [0.09180061 0.95474068]
 [0.41037632 0.59231582]
 [0.20297494 0.72822009]]

Biases da Camada Escondida
[0.11260213 0.71837918]


Pesos de entrada da Camada de Saída
[[0.98637082 0.08431412 0.99843989 0.81971504 0.46727327 0.69910883
  0.933644  ]
 [0.36392487 0.98351188 0.82378406 0.63694118 0.4096533  0.41570773
  0.79879405]]

Biases da Camada de Saída
[0.60394112 0.89524663 0.4931861  0.68472388 0.15971912 0.18676268
 0.25301875]


